    5         7
   10         9
   15        21
   20        42
   25        64
   30        55
   35        88
   40       126
   45       142
   50       203
   55       270
   60       346
   65       298
   70       297
   75       337
   80       418
   85       448
   90       507
   95       555
  100       463
  105       544
  110       694
  115       656
  120       744
  125       750
  130       757
  135       862
  140       864
  145       903
  150       965
  155       891
  160       998
  165       997
  170      1078
  175      1089
  180      1171
  185      1136
  190      1178
  195      1158
  200      1288
