    5         0
   10         1
   15         1
   20         1
    0         0
   74         9
   14         1
   42         3
   86        11
   75         9
   25         1
   41         3
   89        13
    3         0
   78        10
   53         4
   16         0
   26         1
   16         1
   68         7
   95        14
   13         0
   97        14
   47         4
   56         5
   14         1
   60         5
   11         0
   52         4
   93        13
   85        10
   67        11
   83        17
   63         7
   71        11
   13         0
   95        25
   22         2
   43         4
   28         2
   32         4
   79        10
   15         1
   86        12
   81        10
   50         5
   25         1
   86        12
   45         4
   58         6
   35         2
   79        15
    7         0
   96        15
   93        13
    7         1
   37         3
   14         1
    5         1
   95        14
   90        13
   31         2
   87        12
   87        12
   17         0
   83        11
   92        13
   84        12
   47         4
   15         1
   64         6
   72         9
   83        11
   39         3
   98        15
   42         3
    7         0
   48         4
   38         2
   54         5
   10         0
   29         1
   13         1
   66         7
   90        12
   11         0
   55         5
   11         0
   43         9
    7         0
   60         6
   16         0
   21         1
    9         0
   59         6
   67         7
   84        10
   10         0
   59         5
   99        15
   52         5
   78         9
   41         3
   38         3
   47         3
    8         0
   67         7
   47         3
    7         0
   51         4
   75         9
   74         8
   37         3
   25         1
   36         2
   62         7
    1         0
   10         0
   20         1
   66         7
   47         3
   64         6
   36         3
    8         1
   80        10
   23         1
   29         2
   40         3
   91        12
   45         3
   63         6
   59         6
   35         3
   45         4
   10         1
   50         5
   77         9
   65         6
   18         1
   74         9
   15         1
   95        14
   89        12
   43         4
   95        13
   72         8
   83        11
    1         0
   39         3
   32         2
    1         1
   17         1
    3         1
   64         6
   13         0
   89        12
   60         6
    7         1
   13         1
    8         0
    0         0
   40         3
   33         2
   65         7
   75         9
   27         1
   53         5
   81        10
   64         7
   98        14
   93        13
   28         1
   47         4
   38         3
   24         1
   68    251768
