    5                   8
   10                   5
   15                  12
   20                  16
   25                  24
   30                  38
   35                  52
   40                  70
   45                  87
   50                  98
   55                 151
   60                 155
   65                 169
   70                 192
   75                 279
   80                 329
   85                 278
   90                 342
   95                 379
  100                 342
  105                 437
  110                 558
  115                 525
  120                 573
  125                 522
  130                 678
  135                 640
  140                 751
  145                1095
  150                 995
  155                 999
  160                1141
  165                1192
  170                 959
  175                 878
  180                1212
  185                1151
  190                1242
  195                1348
  200                1104
  205                1372
  210                1549
  215                1402
  220                1070
  225                1590
  230                1527
  235                1641
  240                2328
  245                1856
  250                1596
  255                1907
  260                2288
  265                2420
  270                2338
  275                1946
  280                2843
  285                2365
  290                2691
  295                2990
  300                2357
  305                2478
  310                3864
  315                2484
  320                3191
  325                4035
  330                3082
  335                3287
  340                3342
  345                3677
  350                4109
  355                3956
  360                3806
  365                4516
  370                4227
  375                3971
  380                3872
  385                4525
  390                5706
  395                4732
  400                5868
  405                4519
  410                5988
  415                5520
  420                5978
  425                4956
  430                6120
  435                6362
  440                6011
  445                6225
  450                6871
  455                5010
  460                6567
  465                8077
  470                5743
  475                6815
  480                7178
  485                6341
  490                6877
  495                6716
  500                7476
  505                9544
  510               10045
  515                8072
  520                7631
  525               11594
  530                9707
  535               10758
  540                9922
  545                9442
  550                9623
  555                7526
  560               11939
  565                9333
  570                9455
  575                9472
  580               10434
  585                9782
  590               10530
  595                8680
  600               10086
  605               12740
  610               10475
  615               11992
  620               16277
  625               15922
  630                9974
  635               12364
  640               16588
  645                9304
  650               14813
  655               14624
  660               10039
  665               13766
  670               17481
  675               11852
  680               13333
  685               14262
  690               14204
  695               14864
  700               16481
  705               16001
  710               13693
  715               12577
  720               18797
  725               13259
  730               18264
  735               13448
  740               21348
  745               19734
  750               18177
  755               25378
  760               19779
  765               13564
  770               18204
  775               15706
  780               20383
  785               22957
  790               19169
  795               16088
  800               19156
  805               20175
  810               17714
  815               19966
  820               19402
  825               19434
  830               19690
  835               28434
  840               21803
  845               23379
  850               20615
  855               24986
  860               22501
  865               21379
  870               21354
  875               25060
  880               24734
  885               22807
  890               25982
  895               26543
  900               30062
  905               24545
  910               28819
  915               29263
  920               29927
  925               21559
  930               39959
  935               24215
  940               24685
  945               29201
  950               32280
  955               29504
  960               35809
  965               25417
  970               27281
  975               29930
  980               27482
  985               30622
  990               30255
  995               26670
 1000               33558
 1005               44017
 1010               33108
 1015               30491
 1020               40276
 1025               37581
 1030               26408
 1035               38680
 1040               27435
 1045               36240
 1050               35561
 1055               30900
 1060               36444
 1065               35320
 1070               41874
 1075               44951
 1080               43803
 1085               31879
 1090               37404
 1095               35030
 1100               51834
 1105               39963
 1110               40371
 1115               34464
 1120               35562
 1125               47607
 1130               40939
 1135               50718
 1140               42671
 1145               39398
 1150               55052
 1155               38113
 1160               38381
 1165               52936
 1170               42196
 1175               49103
 1180               44867
 1185               40481
 1190               51362
 1195               46893
 1200               51523
 1205               43220
 1210               36979
 1215               46479
 1220               71956
 1225               49877
 1230               51116
 1235               39203
 1240               65630
 1245               51005
 1250               54611
 1255               56275
 1260               41968
 1265               59129
 1270               45533
 1275               53488
 1280               55067
 1285               57018
 1290               43493
 1295               53741
 1300               42884
 1305               52668
 1310               42006
 1315               62356
 1320               43394
 1325               49252
 1330               60877
 1335               67089
 1340               52758
 1345               66246
 1350               65750
 1355               43551
 1360               58251
 1365               84416
 1370               57632
 1375               62012
 1380               75425
 1385               56941
 1390               57230
 1395               52212
 1400               76773
 1405               59746
 1410               74213
 1415               70768
 1420               78107
 1425               63507
 1430               60085
 1435               79883
 1440               53928
 1445               58042
 1450               55315
 1455               88508
 1460               62073
 1465               58529
 1470               70834
 1475               75821
 1480               70840
 1485               76038
 1490               70732
 1495               70998
 1500               73021
 1505               65009
 1510               73900
 1515               82143
 1520               91532
 1525               79556
 1530               69426
 1535               63142
 1540               92638
 1545              101170
 1550               93009
 1555              106595
 1560               74568
 1565               73956
 1570               87513
 1575               78896
 1580               86211
 1585               81024
 1590               78582
 1595               94985
 1600               88118
 1605               77302
 1610               88147
 1615               77498
 1620               97761
 1625              101830
 1630               87528
 1635               84789
 1640               93385
 1645               76075
 1650               89916
 1655               86021
 1660               83066
 1665               77677
 1670               96223
 1675               76838
 1680               67043
 1685               88707
 1690               98435
 1695               91938
 1700               89062
 1705              111942
 1710              102684
 1715              104759
 1720               97649
 1725               85442
 1730               89247
 1735              113351
 1740               83012
 1745               85189
 1750              102439
 1755              101073
 1760              100223
 1765              106957
 1770              107189
 1775              128991
 1780              134118
 1785               85567
 1790               84139
 1795              119080
 1800              109166
 1805              110442
 1810              126487
 1815              124172
 1820              110236
 1825               96321
 1830              119008
 1835              135111
 1840              121854
 1845              165620
 1850               99182
 1855              100092
 1860              116997
 1865              127669
 1870              103234
 1875              103801
 1880              136541
 1885              123428
 1890              120373
 1895              138792
 1900              110359
 1905              120985
 1910              105458
 1915              132607
 1920              111310
 1925              114277
 1930              134254
 1935              126197
 1940              108950
 1945              120967
 1950              135390
 1955              146137
 1960              111992
 1965              120452
 1970              128146
 1975              126511
 1980              135455
 1985              120341
 1990              141303
 1995              156048
 2000              114951
 2005              121673
 2010              114236
 2015              171242
 2020              109644
 2025              136141
 2030              150391
 2035              127722
 2040              158724
 2045              155469
 2050              164725
 2055              138864
 2060              123107
 2065              154363
 2070              143290
 2075              132908
 2080              162139
 2085              145205
 2090              146487
 2095              129687
 2100              128677
 2105              144299
 2110              136776
 2115              162688
 2120              165039
 2125              155440
 2130              148840
 2135              188564
 2140              143541
 2145              193498
 2150              164208
 2155              162798
 2160              181113
 2165              206850
 2170              155582
 2175              126173
 2180              168611
 2185              192093
 2190              193220
 2195              160037
 2200              171535
 2205              165982
 2210              187554
 2215              168367
 2220              166836
 2225              185855
 2230              175767
 2235              164814
 2240              152622
 2245              164219
 2250              189952
 2255              194252
 2260              191581
 2265              192734
 2270              210196
 2275              158753
 2280              142087
 2285              197644
 2290              246390
 2295              231668
 2300              146677
 2305              182823
 2310              155921
 2315              148278
 2320              231323
 2325              199271
 2330              203183
 2335              199237
 2340              154853
 2345              191069
 2350              179860
 2355              246058
 2360              204623
 2365              196923
 2370              199970
 2375              150365
 2380              200964
 2385              197714
 2390              213079
 2395              181025
 2400              231888
 2405              193957
 2410              192679
 2415              194419
 2420              222325
 2425              157135
 2430              220048
 2435              211230
 2440              214243
 2445              205031
 2450              296403
 2455              217654
 2460              185593
 2465              180058
 2470              251003
 2475              188110
 2480              217050
 2485              188933
 2490              225581
 2495              239873
 2500              208194
 2505              227327
 2510              171141
 2515              190790
 2520              213721
 2525              253408
 2530              239814
 2535              223074
 2540              227478
 2545              273434
 2550              290879
 2555              216902
 2560              300746
 2565              244127
 2570              206290
 2575              277952
 2580              197650
 2585              276387
 2590              238056
 2595              231586
 2600              204915
 2605              248815
 2610              222275
 2615              215014
 2620              234291
 2625              233932
 2630              216818
 2635              304424
 2640              272429
 2645              245218
 2650              250543
 2655              236587
 2660              247858
 2665              280517
 2670              203542
 2675              246683
 2680              264431
 2685              277711
 2690              266285
 2695              313017
 2700              274339
 2705              220326
 2710              307221
 2715              249176
 2720              258830
 2725              280370
 2730              234972
 2735              262103
 2740              230283
 2745              294419
 2750              371372
 2755              226011
 2760              233539
 2765              294884
 2770              214576
 2775              281363
 2780              339668
 2785              323362
 2790              336247
 2795              269316
 2800              259835
 2805              318640
 2810              294598
 2815              332442
 2820              323057
 2825              240788
 2830              342871
 2835              266142
 2840              264680
 2845              414505
 2850              284949
 2855              241413
 2860              245096
 2865              282541
 2870              324436
 2875              287263
 2880              266158
 2885              234932
 2890              265056
 2895              316062
 2900              348367
 2905              252696
 2910              274698
 2915              258394
 2920              300810
 2925              281983
 2930              254093
 2935              307353
 2940              323045
 2945              261336
 2950              300359
 2955              323704
 2960              334543
 2965              283566
 2970              387411
 2975              242353
 2980              326542
 2985              253144
 2990              283877
 2995              289014
 3000              317608
 3005              302140
 3010              325321
 3015              321186
 3020              441845
 3025              345604
 3030              333554
 3035              348620
 3040              275398
 3045              293707
 3050              299155
 3055              532714
 3060              313175
 3065              325146
 3070              339871
 3075              287447
 3080              331646
 3085              285528
 3090              316038
 3095              353346
 3100              282158
 3105              342452
 3110              405273
 3115              309203
 3120              357357
 3125              304247
 3130              344569
 3135              312902
 3140              297753
 3145              398595
 3150              436039
 3155              345465
 3160              364926
 3165              336308
 3170              428668
 3175              390570
 3180              348109
 3185              324788
 3190              369386
 3195              347252
 3200              328825
 3205              450147
 3210              369153
 3215              402423
 3220              480159
 3225              311308
 3230              477077
 3235              397713
 3240              402139
 3245              402902
 3250              334499
 3255              356073
 3260              381402
 3265              458842
 3270              321640
 3275              423498
 3280              343268
 3285              289313
 3290              358716
 3295              301410
 3300              419647
 3305              326244
 3310              339367
 3315              388108
 3320              314488
 3325              398365
 3330              449925
 3335              406389
 3340              404993
 3345              383383
 3350              439287
 3355              446565
 3360              388859
 3365              529862
 3370              366794
 3375              371246
 3380              557344
 3385              406555
 3390              406497
 3395              499190
 3400              373483
 3405              545253
 3410              393541
 3415              333106
 3420              445096
 3425              455056
 3430              322881
 3435              368027
 3440              576830
 3445              404612
 3450              334817
 3455              371992
 3460              478553
 3465              522673
 3470              458700
 3475              525601
 3480              530311
 3485              439412
 3490              552171
 3495              507100
 3500              421757
 3505              384690
 3510              350069
 3515              421101
 3520              445456
 3525              506304
 3530              455741
 3535              481753
 3540              454217
 3545              453897
 3550              422402
 3555              437836
 3560              468370
 3565              613892
 3570              478205
 3575              582442
 3580              457383
 3585              388973
 3590              482064
 3595              392007
 3600              409664
 3605              465774
 3610              588882
 3615              480049
 3620              594154
 3625              593546
 3630              525469
 3635              523653
 3640              583428
 3645              532264
 3650              497878
 3655              417823
 3660              390247
 3665              477317
 3670              346457
 3675              464172
 3680              407421
 3685              425572
 3690              474599
 3695              443813
 3700              467267
 3705              420359
 3710              569299
 3715              552839
 3720              629279
 3725              424427
 3730              435016
 3735              555408
 3740              523812
 3745              538242
 3750              446982
 3755              555158
 3760              528262
 3765              430177
 3770              534680
 3775              447182
 3780              549993
 3785              590425
 3790              476592
 3795              483251
 3800              504477
 3805              685677
 3810              432464
 3815              583916
 3820              595575
 3825              700249
 3830              424146
 3835              596877
 3840              601545
 3845              562521
 3850              487700
 3855              622594
 3860              527640
 3865              463651
 3870              652601
 3875              587077
 3880              509706
 3885              476046
 3890              495485
 3895              479306
 3900              720673
 3905              605323
 3910              677861
 3915              558077
 3920              595109
 3925              571453
 3930              633863
 3935              526095
 3940              550743
 3945              567967
 3950              599795
 3955              607275
 3960              568003
 3965              682962
 3970              684740
 3975              606049
 3980              600502
 3985              518688
 3990              526264
 3995              639042
 4000              570651
 4005              781607
 4010              588898
 4015              590169
 4020              658954
 4025              590143
 4030              726645
 4035              696212
 4040              642015
 4045              670465
 4050              518938
 4055              596695
 4060              649985
 4065              565606
 4070              574770
 4075              527235
 4080              825824
 4085              698874
 4090              661453
 4095              537962
 4100              549216
 4105              702331
 4110              662530
 4115              877024
 4120              666647
 4125              782285
 4130              672547
 4135              570935
 4140              568269
 4145              696509
 4150              589408
 4155              625899
 4160              601049
 4165              669960
 4170              481713
 4175              658662
 4180              560202
 4185              797597
 4190              559539
 4195              677541
 4200              716632
 4205              701073
 4210              738056
 4215              702657
 4220              592708
 4225              754466
 4230              738730
 4235              728188
 4240              536777
 4245              612755
 4250              777092
 4255              651043
 4260              755623
 4265              710418
 4270              774097
 4275              756846
 4280              808732
 4285              769333
 4290              656422
 4295              641816
 4300              643001
 4305              654102
 4310              808415
 4315              675211
 4320              527946
 4325              899279
 4330              804374
 4335              778666
 4340              605390
 4345              548882
 4350              631099
 4355              703928
 4360              685397
 4365              595951
 4370              626476
 4375              958728
 4380              609007
 4385              732292
 4390              810555
 4395              813732
 4400              758941
 4405              544182
 4410              748640
 4415              713320
 4420              905316
 4425              680204
 4430              770345
 4435              655476
 4440              873194
 4445              871866
 4450              776628
 4455              717433
 4460              583185
 4465              650231
 4470              746893
 4475              917479
 4480              752675
 4485              723265
 4490              707040
 4495              819528
 4500              730495
 4505              765161
 4510              810360
 4515              920682
 4520              780555
 4525              813095
 4530              761334
 4535              923443
 4540              788505
 4545              643367
 4550              934279
 4555              833073
 4560              761191
 4565              739245
 4570              877046
 4575              942384
 4580              728941
 4585              662473
 4590              784676
 4595              797253
 4600              812249
 4605              742085
 4610              780013
 4615              750551
 4620              927571
 4625              866106
 4630              643649
 4635              835780
 4640              629840
 4645              857266
 4650              833850
 4655              900533
 4660              807043
 4665              842305
 4670              828481
 4675              834533
 4680             1109190
 4685              724981
 4690              637885
 4695              741531
 4700              922548
 4705              941772
 4710              810620
 4715              851581
 4720              725792
 4725              895010
 4730              868894
 4735              903400
 4740             1076034
 4745              830382
 4750              879958
 4755              854437
 4760              954988
 4765              854865
 4770             1102164
 4775              803401
 4780              982591
 4785              760911
 4790              917677
 4795              947802
 4800              776216
 4805              978282
 4810              949902
 4815              968032
 4820              947770
 4825              897470
 4830              827057
 4835              981833
 4840             1158720
 4845              863706
 4850              847376
 4855              821213
 4860              797224
 4865              974722
 4870              936073
 4875              794760
 4880             1120617
 4885             1030304
 4890              771361
 4895             1106154
 4900              664986
 4905              904231
 4910             1071088
 4915              779443
 4920             1255651
 4925             1018021
 4930              884192
 4935              949146
 4940              945049
 4945              782831
 4950             1038664
 4955              777093
 4960              965615
 4965              942587
 4970             1113694
 4975              983043
 4980             1047748
 4985              770247
 4990              769707
 4995              952895
 5000             1025829
 5005              958145
 5010             1005977
 5015              953056
 5020             1035130
 5025              957155
 5030             1051749
 5035              903740
 5040             1062917
 5045              958163
 5050              970602
 5055              951660
 5060              926941
 5065              980361
 5070             1041644
 5075             1050530
 5080             1085684
 5085             1034700
 5090              994524
 5095             1084639
 5100             1177229
 5105             1185432
 5110              964236
 5115             1212824
 5120             1184613
 5125             1059112
 5130             1069863
 5135              968534
 5140              968535
 5145             1445586
 5150             1032397
 5155             1151062
 5160             1090804
 5165             1098884
 5170             1011501
 5175             1203153
 5180              881618
 5185             1113136
 5190             1152726
 5195             1006723
 5200              973478
 5205             1116501
 5210             1191272
 5215             1167673
 5220             1313232
 5225             1098762
 5230              956012
 5235             1144101
 5240              881346
 5245             1132506
 5250             1122804
 5255             1117590
 5260              931314
 5265              963487
 5270             1063571
 5275             1219615
 5280             1165381
 5285             1250847
 5290             1306963
 5295             1292520
 5300             1489917
 5305             1159612
 5310             1140347
 5315              817804
 5320             1122253
 5325              926068
 5330             1193689
 5335             1340477
 5340             1025231
 5345             1142005
 5350             1052230
 5355             1024811
 5360             1256031
 5365             1345282
 5370              986176
 5375             1146571
 5380             1223250
 5385              975708
 5390             1312505
 5395             1143265
 5400              990978
 5405             1307072
 5410             1073291
 5415             1340187
 5420             1075849
 5425             1472306
 5430              968361
 5435             1054095
 5440             1442883
 5445             1112804
 5450             1162837
 5455             1082292
 5460             1102930
 5465             1088732
 5470             1350757
 5475             1079139
 5480             1307168
 5485             1468076
 5490             1151326
 5495             1427837
 5500             1232688
 5505             1336406
 5510             1354501
 5515             1035793
 5520             1066633
 5525             1115779
 5530             1199821
 5535             1402483
 5540             1222445
 5545             1295425
 5550             1247763
 5555             1271673
 5560             1350679
 5565             1026937
 5570             1121470
 5575             1375350
 5580             1505377
 5585             1497652
 5590             1178714
 5595             1071481
 5600             1596903
 5605             1232557
 5610             1455402
 5615             1067364
 5620             1225964
 5625             1302091
 5630             1050381
 5635             1558904
 5640             1199645
 5645             1094113
 5650             1362933
 5655             1159444
 5660             1516021
 5665             1271414
 5670             1376021
 5675             1364223
 5680             1313824
 5685             1409506
 5690             1034477
 5695             1156883
 5700             1356114
 5705             1188298
 5710             1330608
 5715             1167030
 5720             1185831
 5725             1389796
 5730             1566412
 5735             1286483
 5740             1270905
 5745             1319766
 5750             1330283
 5755             1341672
 5760             1368849
 5765             1230678
 5770             1629525
 5775             1466314
 5780             1898412
 5785             1245468
 5790             1259885
 5795             1271210
 5800             1512907
 5805             1697600
 5810             1301254
 5815             1235250
 5820             1340687
 5825             1370018
 5830             1181129
 5835             1482428
 5840             1287303
 5845             1875698
 5850             1213490
 5855             1261674
 5860             1753804
 5865             1457756
 5870             1903604
 5875             1183601
 5880             1504843
 5885             1383111
 5890             1416634
 5895             1335539
 5900             1462600
 5905             1479964
 5910             1349302
 5915             1479290
 5920             1302853
 5925             1619990
 5930             1299072
 5935             1164921
 5940             1172681
 5945             1633675
 5950             1068550
 5955             1549005
 5960             1515675
 5965             1344362
 5970             1570018
 5975             1708249
 5980             1290850
 5985             1570871
 5990             1567102
 5995             1639128
 6000             1691648
 6005             1638158
 6010             1194482
 6015             1229574
 6020             1228103
 6025             1314439
 6030             1452093
 6035             1889235
 6040             1094808
 6045             1782998
 6050             1631940
 6055             1603939
 6060             1393624
 6065             1442001
 6070             1698118
 6075             1311635
 6080             1624097
 6085             1732568
 6090             2026370
 6095             1630911
 6100             1717168
 6105             1451428
 6110             1656717
 6115             1832086
 6120             1786406
 6125             1475123
 6130             1556600
 6135             1244764
 6140             1799446
 6145             1177430
 6150             1625056
 6155             1646229
 6160             1723462
 6165             1616706
 6170             1493476
 6175             1539428
 6180             1779998
 6185             1833089
 6190             1938077
 6195             1592173
 6200             1721601
 6205             1950046
 6210             1569561
 6215             1513613
 6220             1734189
 6225             1486527
 6230             1846094
 6235             1879821
 6240             1660265
 6245             1407185
 6250             1567452
 6255             1594572
 6260             1911825
 6265             1768379
 6270             1541698
 6275             1695169
 6280             1435383
 6285             1378341
 6290             1560369
 6295             1603754
 6300             1530002
 6305             1510630
 6310             1476338
 6315             1614423
 6320             1792554
 6325             1812642
 6330             1552634
 6335             1758912
 6340             1793645
 6345             1516855
 6350             1693100
 6355             2020744
 6360             1542212
 6365             1593719
 6370             1780670
 6375             1943760
 6380             1669664
 6385             1618606
 6390             1465295
 6395             1681499
 6400             1668770
 6405             1779801
 6410             1720234
 6415             1899303
 6420             1574709
 6425             1973638
 6430             1736045
 6435             1826472
 6440             2042308
 6445             1661002
 6450             1989848
 6455             1300854
 6460             1909973
 6465             1725388
 6470             1733146
 6475             1877321
 6480             1730063
 6485             1626511
 6490             1738362
 6495             1819429
 6500             1921958
 6505             1783791
 6510             1901194
 6515             1933133
 6520             1912205
 6525             1889715
 6530             1909138
 6535             1895890
 6540             1583157
 6545             1832203
 6550             1524125
 6555             1680119
 6560             1576268
 6565             2374606
 6570             1837467
 6575             1796307
 6580             1635968
 6585             1573816
 6590             2049284
 6595             1721715
 6600             1720786
 6605             1675564
 6610             1673067
 6615             1820794
 6620             1449211
 6625             1622441
 6630             2051994
 6635             2156171
 6640             1998271
 6645             1821137
 6650             2016094
 6655             1729304
 6660             1870054
 6665             1987686
 6670             1746847
 6675             2001990
 6680             2127905
 6685             2484789
 6690             1654234
 6695             1687279
 6700             2183728
 6705             2052868
 6710             2194602
 6715             1798007
 6720             1866012
 6725             2229144
 6730             2193739
 6735             1763915
 6740             1525987
 6745             2007075
 6750             1805311
 6755             2107126
 6760             2400490
 6765             2027661
 6770             2099619
 6775             1857358
 6780             2456009
 6785             1754191
 6790             2505601
 6795             2078019
 6800             2005933
 6805             2040799
 6810             2387530
 6815             2500526
 6820             1688723
 6825             2039634
 6830             1702482
 6835             2016934
 6840             1777837
 6845             1720606
 6850             1582196
 6855             1806449
 6860             2043213
 6865             2345907
 6870             2142586
 6875             1744334
 6880             1950692
 6885             2050765
 6890             1968026
 6895             2260971
 6900             2304904
 6905             1978285
 6910             1814218
 6915             1967388
 6920             1857403
 6925             1855698
 6930             2055814
 6935             2142584
 6940             1730467
 6945             1776298
 6950             2549279
 6955             2386271
 6960             2681930
 6965             1995276
 6970             2684640
 6975             1730293
 6980             1788759
 6985             1915818
 6990             2612846
 6995             2098584
 7000             1750606
 7005             2086172
 7010             1916087
 7015             2277807
 7020             2294456
 7025             2059716
 7030             2222209
 7035             2057631
 7040             2298732
 7045             2164537
 7050             2106414
 7055             2200413
 7060             2120740
 7065             1969903
 7070             1990743
 7075             2249319
 7080             2025460
 7085             1789600
 7090             2521638
 7095             2226113
 7100             2545603
 7105             2306971
 7110             2216843
 7115             1964757
 7120             1992323
 7125             2500905
 7130             2471997
 7135             1899823
 7140             2278344
 7145             2429728
 7150             2275525
 7155             2678551
 7160             2245144
 7165             2114814
 7170             1930061
 7175             2435671
 7180             2394846
 7185             2198946
 7190             2265739
 7195             2097382
 7200             2418508
 7205             1743814
 7210             2528332
 7215             1996697
 7220             2156874
 7225             2105693
 7230             2793812
 7235             2146738
 7240             2021559
 7245             2420567
 7250             2135564
 7255             2236324
 7260             1986218
 7265             2427783
 7270             2268254
 7275             3144201
 7280             1997497
 7285             2408767
 7290             2216450
 7295             2286106
 7300             2346115
 7305             2520327
 7310             2323140
 7315             2642289
 7320             2555451
 7325             2286669
 7330             2066287
 7335             2647804
 7340             2456009
 7345             2690308
 7350             2483404
 7355             1935192
 7360             2569611
 7365             2127905
 7370             2641497
 7375             2409424
 7380             2486672
 7385             2841705
 7390             2254771
 7395             2477886
 7400             1993447
 7405             2915373
 7410             2561155
 7415             2681630
 7420             2795846
 7425             1957982
 7430             2729829
 7435             2223043
 7440             2229227
 7445             2511229
 7450             2164386
 7455             2169125
 7460             2373348
 7465             2806562
 7470             3070698
 7475             2457973
 7480             2544411
 7485             2291180
 7490             2235630
 7495             2573411
 7500             2912987
 7505             2407476
 7510             3177321
 7515             2263552
 7520             2247739
 7525             2461163
 7530             2234069
 7535             2645535
 7540             2998736
 7545             2560905
 7550             2207162
 7555             2193925
 7560             2504164
 7565             2371366
 7570             2490452
 7575             2875298
 7580             2963505
 7585             2381176
 7590             2198082
 7595             2351368
 7600             2567904
 7605             2124134
 7610             2758045
 7615             2506351
 7620             2623252
 7625             2604383
 7630             2418258
 7635             1929357
 7640             2346408
 7645             3027735
 7650             2840476
 7655             2638489
 7660             2299363
 7665             2379098
 7670             2824702
 7675             2457006
 7680             2512051
 7685             2747838
 7690             2724192
 7695             2463783
 7700             2398607
 7705             2427070
 7710             2492210
 7715             3191089
 7720             2668761
 7725             2819913
 7730             2546307
 7735             2508114
 7740             2472096
 7745             2492948
 7750             2408615
 7755             2657726
 7760             2538339
 7765             2595596
 7770             2844664
 7775             2459451
 7780             2625592
 7785             2403580
 7790             2861963
 7795             2709191
 7800             3047196
 7805             3177107
 7810             2669238
 7815             2329466
 7820             2782830
 7825             2708215
 7830             2783583
 7835             2580098
 7840             2151651
 7845             2920926
 7850             3509274
 7855             2682164
 7860             2807771
 7865             2586355
 7870             2915034
 7875             2988662
 7880             2004249
 7885             2756034
 7890             3172663
 7895             2532686
 7900             3205360
 7905             3282063
 7910             2542179
 7915             2944526
 7920             2730394
 7925             2723031
 7930             2794820
 7935             3169453
 7940             2767105
 7945             2659813
 7950             3043906
 7955             3565491
 7960             3019890
 7965             2893888
 7970             2950671
 7975             2950315
 7980             2728845
 7985             2774213
 7990             3101533
 7995             2656584
 8000             2899044
 8005             2522145
 8010             2849513
 8015             2875326
 8020             2613886
 8025             3349940
 8030             3107753
 8035             2888112
 8040             2720268
 8045             2994407
 8050             2954837
 8055             2733000
 8060             2596917
 8065             3354145
 8070             3204067
 8075             2346347
 8080             2858044
 8085             3030389
 8090             3045118
 8095             2833234
 8100             2686470
 8105             2980022
 8110             3089261
 8115             2738104
 8120             3324448
 8125             2834580
 8130             2657106
 8135             3044926
 8140             3175918
 8145             2576961
 8150             2863705
 8155             2491415
 8160             3111306
 8165             2986760
 8170             2891413
 8175             3030001
 8180             2366891
 8185             3346218
 8190             2336268
 8195             2862804
 8200             3282013
 8205             3183751
 8210             3392333
 8215             3127778
 8220             3084048
 8225             3188817
 8230             3680316
 8235             3761399
 8240             2846351
 8245             2462211
 8250             2822088
 8255             2827339
 8260             3087568
 8265             2947097
 8270             3262519
 8275             3172583
 8280             2736952
 8285             2991708
 8290             3181107
 8295             3122668
 8300             2999942
 8305             2926899
 8310             2574954
 8315             3077411
 8320             3358282
 8325             3265797
 8330             3088965
 8335             3473427
 8340             3835197
 8345             2658801
 8350             3796685
 8355             2704298
 8360             3453192
 8365             3742896
 8370             3046323
 8375             3015508
 8380             2859143
 8385             3489538
 8390             3712522
 8395             2529473
 8400             3510710
 8405             2832797
 8410             3828108
 8415             3525491
 8420             3919362
 8425             3772080
 8430             3782125
 8435             2673497
 8440             3710311
 8445             3801313
 8450             4896042
 8455             4082076
 8460             2923811
 8465             2981709
 8470             2734965
 8475             3619992
 8480             2965204
 8485             3506382
 8490             3802345
 8495             3027382
 8500             3087957
 8505             4378275
 8510             3564203
 8515             3381213
 8520             2854498
 8525             3324355
 8530             3630624
 8535             3304273
 8540             2853534
 8545             3427434
 8550             3382812
 8555             4016506
 8560             2950125
 8565             3170937
 8570             2850833
 8575             3014202
 8580             3511170
 8585             3401171
 8590             3414584
 8595             4014339
 8600             3475998
 8605             3625518
 8610             2873462
 8615             3668617
 8620             3107331
 8625             3631260
 8630             3556859
 8635             3074252
 8640             3615350
 8645             4207754
 8650             3259146
 8655             3722822
 8660             3673326
 8665             4453407
 8670             3611226
 8675             4199791
 8680             3306807
 8685             3681169
 8690             3664119
 8695             3342710
 8700             4035767
 8705             3842193
 8710             3732919
 8715             3299290
 8720             2868014
 8725             2837260
 8730             3867842
 8735             3335757
 8740             3850904
 8745             3582261
 8750             3317821
 8755             3243018
 8760             3774900
 8765             3806190
 8770             3723928
 8775             3847497
 8780             3064625
 8785             3620570
 8790             3448611
 8795             4256788
 8800             3424326
 8805             3616689
 8810             3446344
 8815             3533051
 8820             4683292
 8825             3510819
 8830             4045373
 8835             3170179
 8840             4265842
 8845             4295034
 8850             3635587
 8855             3451510
 8860             3782305
 8865             3693594
 8870             3763533
 8875             3594858
 8880             4308093
 8885             3482122
 8890             4386463
 8895             3720359
 8900             3229344
 8905             3869839
 8910             3111234
 8915             3445648
 8920             3343413
 8925             3662453
 8930             3468045
 8935             3860148
 8940             3045267
 8945             3703564
 8950             3819689
 8955             3595327
 8960             3452559
 8965             4054681
 8970             3905648
 8975             3684705
 8980             3694934
 8985             3607395
 8990             3605625
 8995             4088310
 9000             4432864
 9005             3632784
 9010             3241202
 9015             3737705
 9020             3834644
 9025             4101087
 9030             4146493
 9035             3332367
 9040             3788721
 9045             3467307
 9050             3191983
 9055             3727126
 9060             3896578
 9065             4581160
 9070             3802007
 9075             3829097
 9080             3818975
 9085             4041796
 9090             3346285
 9095             3536933
 9100             3317547
 9105             3407380
 9110             3533011
 9115             3458540
 9120             3749152
 9125             3637252
 9130             3067073
 9135             4131835
 9140             4386189
 9145             4126566
 9150             3256778
 9155             3764458
 9160             4407548
 9165             3810188
 9170             4585790
 9175             4082772
 9180             4080158
 9185             3713188
 9190             3769165
 9195             3961856
 9200             3928441
 9205             4211818
 9210             3845256
 9215             3437539
 9220             4082251
 9225             4086991
 9230             4356019
 9235             4749095
 9240             4200586
 9245             3513519
 9250             4548658
 9255             3849482
 9260             4533735
 9265             3672502
 9270             3866104
 9275             3610565
 9280             4539561
 9285             3955003
 9290             3526474
 9295             4432286
 9300             3850304
 9305             4312708
 9310             4411610
 9315             4846515
 9320             3232405
 9325             4052359
 9330             4767218
 9335             3850016
 9340             3440134
 9345             4245151
 9350             4454923
 9355             4682417
 9360             3991466
 9365             3649273
 9370             4194357
 9375             3971895
 9380             5255625
 9385             4474373
 9390             4597562
 9395             3573583
 9400             6096171
 9405             4790837
 9410             4016027
 9415             3754546
 9420             4223955
 9425             3599098
 9430             4613456
 9435             4026131
 9440             4834776
 9445             4063724
 9450             3977034
 9455             4417031
 9460             4300152
 9465             4330499
 9470             4124189
 9475             3848613
 9480             3947165
 9485             3855763
 9490             4348987
 9495             4062304
 9500             4437597
 9505             4919756
 9510             5178310
 9515             3691071
 9520             4303903
 9525             5343889
 9530             4083551
 9535             3651091
 9540             4063098
 9545             5348274
 9550             4760024
 9555             3521252
 9560             4284271
 9565             3632824
 9570             4940619
 9575             3856606
 9580             3760925
 9585             4420156
 9590             4492293
 9595             4346348
 9600             4877698
 9605             3861234
 9610             4954921
 9615             4612054
 9620             4665754
 9625             3751622
 9630             4621663
 9635             4337819
 9640             4698429
 9645             4833191
 9650             4108191
 9655             4131814
 9660             4763961
 9665             5068840
 9670             5145480
 9675             4433257
 9680             5546238
 9685             3942846
 9690             5011632
 9695             4371575
 9700             4197384
 9705             4893190
 9710             4679268
 9715             4379770
 9720             4763775
 9725             4250665
 9730             4248629
 9735             4734343
 9740             4822854
 9745             4694089
 9750             4711504
 9755             4712100
 9760             4310270
 9765             4579652
 9770             5256844
 9775             4678059
 9780             4377067
 9785             3688726
 9790             5549712
 9795             4988380
 9800             4149176
 9805             4437592
 9810             4011599
 9815             4899905
 9820             4629897
 9825             4831934
 9830             5073149
 9835             4405978
 9840             5106557
 9845             3882460
 9850             4612293
 9855             4506950
 9860             4655935
 9865             5066548
 9870             4478886
 9875             4506922
 9880             4258255
 9885             4460734
 9890             5298754
 9895             4895886
 9900             5277027
 9905             3964346
 9910             4120057
 9915             4883732
 9920             4685130
 9925             5752424
 9930             4277876
 9935             4032178
 9940             5029122
 9945             4697599
 9950             4430811
 9955             5138790
 9960             4805479
 9965             4896430
 9970             4322471
 9975             4867775
 9980             4309276
 9985             4165604
 9990             4995609
 9995             4807056
