    5        17
   10        17
   15        41
   20        76
   25       125
   30       186
   35       254
   40       343
   45       441
   50       558
   55       682
   60       827
   65      1097
   70      1688
   75      1646
   80      1523
   85      1758
   90      1912
   95      2157
  100      2764
  105      3189
  110      3087
  115      3257
  120      3656
  125      3856
  130      4414
  135      4538
  140      4857
  145      5507
  150      5638
  155      6032
  160      7113
  165      6901
  170      7395
  175      7797
  180      8263
  185      9057
  190      9270
  195      9777
  200     10353
