100
94
       310       268
       624        41
       190       110
       354       769
       480       984
        79       444
       293        28
       948       231
       779       401
       981       863
       944       149
       638       971
       422       824
       483       797
       120       966
       148       101
       604        85
       627       511
       977       863
       424       198
       275       130
       807       257
       677       183
       232       780
       159       704
       880        66
       984       605
       302       258
       557       288
       273       399
        50       336
       655       973
       488       979
       209       433
       832        56
       942       272
       615       692
       636       827
       979       226
       494       969
       181       456
       787       741
       903       928
       947       610
       664       981
       991        28
       717       431
       161       665
       227       672
       666       904
       178       687
       195       448
       404       997
        86       404
       438       631
       886       197
       582       787
        28       945
       182       254
       620       331
       432       789
       503       203
       179       707
       193       808
       492       538
       126       866
       696       261
       153       109
       721        30
       205        11
       855       836
        80        97
       201       479
       301       509
       701       455
       513       654
        28       489
       343       220
       209       123
       264       730
       364       235
       853       578
        90        19
       303       335
       983       591
       410       520
       518        90
       660       924
       824       669
       364       809
       755       906
       569       274
       957       977
       809       992
       610       145
       332       919
       794       377
       639       533
       855       702
       277       670
