    5                   4
   10                   4
   15                   5
   20                   9
   25                   9
   30                  11
   35                  12
   40                  14
   45                  18
   50                  17
   55                  22
   60                  19
   65                  25
   70                  31
   75                  28
   80                  34
   85                  30
   90                  31
   95                  35
  100                  40
  105                  46
  110                  39
  115                  49
  120                  49
  125                  54
  130                 230
  135                  57
  140                  63
  145                  66
  150                  60
  155                  67
  160                  75
  165                  60
  170                  56
  175                  76
  180                  83
  185                  86
  190                  83
  195                  74
  200                  83
  205                  97
  210                  90
  215                  89
  220                  91
  225                 102
  230                 108
  235                 119
  240                 111
  245                  90
  250                 115
  255                 123
  260                  94
  265                 114
  270                 105
  275                  88
  280                  90
  285                  83
  290                  83
  295                 100
  300                 118
  305                  98
  310                 114
  315                 110
  320                 124
  325                 121
  330                 111
  335                 114
  340                 115
  345                 130
  350                 125
  355                 141
  360                 116
  365                 111
  370                 127
  375                 148
  380                 139
  385                 141
  390                 156
  395                 130
  400                 129
  405                 164
  410                 148
  415                 159
  420                 144
  425                 155
  430                 151
  435                 143
  440                 145
  445                 154
  450                 173
  455                 145
  460                 144
  465                 161
  470                 179
  475                 156
  480                 133
  485                 180
  490                 164
  495                 133
  500                 158
  505                 171
  510                 187
  515                 171
  520                 172
  525                 227
  530                 162
  535                 178
  540                 198
  545                 152
  550                 196
  555                 181
  560                 186
  565                 150
  570                 229
  575                 199
  580                 162
  585                 216
  590                 180
  595                 198
  600                 197
  605                 196
  610                 196
  615                 222
  620                 210
  625                 198
  630                 228
  635                 191
  640                 186
  645                 240
  650                 208
  655                 240
  660                 252
  665                 227
  670                 196
  675                 239
  680                 203
  685                 222
  690                 240
  695                 216
  700                 242
  705                 247
  710                 224
  715                 224
  720                 243
  725                 252
  730                 237
  735                 227
  740                 231
  745                 264
  750                 304
  755                 279
  760                 256
  765                 333
  770                 251
  775                 278
  780                 263
  785                 276
  790                 238
  795                 221
  800                 228
  805                 250
  810                 275
  815                 257
  820                 271
  825                 235
  830                 331
  835                 248
  840                 293
  845                 269
  850                 233
  855                 344
  860                 241
  865                 299
  870                 310
  875                 300
  880                 349
  885                 341
  890                 328
  895                 326
  900                 306
  905                 311
  910                 355
  915                 289
  920                 292
  925                 335
  930                 294
  935                 355
  940                 266
  945                 349
  950                 374
  955                 292
  960                 328
  965                 316
  970                 360
  975                 264
  980                 285
  985                 336
  990                 326
  995                 325
 1000                 330
 1005                 348
 1010                 362
 1015                 339
 1020                 324
 1025                 283
 1030                 383
 1035                 321
 1040                 300
 1045                 301
 1050                 347
 1055                 394
 1060                 364
 1065                 379
 1070                 385
 1075                 340
 1080                 334
 1085                 372
 1090                 363
 1095                 324
 1100                 381
 1105                 356
 1110                 335
 1115                 383
 1120                 357
 1125                 343
 1130                 356
 1135                 386
 1140                 407
 1145                 369
 1150                 380
 1155                 330
 1160                 436
 1165                 320
 1170                 353
 1175                 407
 1180                 410
 1185                 390
 1190                 399
 1195                 411
 1200                 401
 1205                 331
 1210                 501
 1215                 403
 1220                 432
 1225                 372
 1230                 408
 1235                 426
 1240                 414
 1245                 379
 1250                 461
 1255                 456
 1260                 416
 1265                 442
 1270                 418
 1275                 452
 1280                 417
 1285                 447
 1290                 381
 1295                 482
 1300                 479
 1305                 399
 1310                 424
 1315                 428
 1320                 457
 1325                 422
 1330                 434
 1335                 481
 1340                 429
 1345                 469
 1350                 448
 1355                 484
 1360                 417
 1365                 442
 1370                 405
 1375                 461
 1380                 384
 1385                 409
 1390                 504
 1395                 444
 1400                 431
 1405                 428
 1410                 460
 1415                 498
 1420                 376
 1425                 458
 1430                 468
 1435                 449
 1440                 533
 1445                 545
 1450                 485
 1455                 401
 1460                 559
 1465                 445
 1470                 513
 1475                 466
 1480                 477
 1485                 408
 1490                 524
 1495                 544
 1500                 525
 1505                 397
 1510                 423
 1515                 499
 1520                 422
 1525                 514
 1530                 470
 1535                 653
 1540                 506
 1545                 557
 1550                 474
 1555                 414
 1560                 544
 1565                 539
 1570                 490
 1575                 549
 1580                 541
 1585                 538
 1590                 467
 1595                 519
 1600                 610
 1605                 518
 1610                 538
 1615                 474
 1620                 547
 1625                 603
 1630                 526
 1635                 537
 1640                 584
 1645                 526
 1650                 576
 1655                 516
 1660                 516
 1665                 537
 1670                 517
 1675                 468
 1680                 524
 1685                 574
 1690                 577
 1695                 593
 1700                 549
 1705                 528
 1710                 531
 1715                 585
 1720                 587
 1725                 577
 1730                 571
 1735                 611
 1740                 613
 1745                 511
 1750                 669
 1755                 569
 1760                 573
 1765                 545
 1770                 596
 1775                 593
 1780                 683
 1785                 553
 1790                 559
 1795                 578
 1800                 505
 1805                 646
 1810                 641
 1815                 566
 1820                 589
 1825                 580
 1830                 572
 1835                 552
 1840                 629
 1845                 555
 1850                 621
 1855                 604
 1860                 575
 1865                 579
 1870                 611
 1875                 611
 1880                 557
 1885                 589
 1890                 615
 1895                 592
 1900                 729
 1905                 598
 1910                 652
 1915                 680
 1920                 544
 1925                 608
 1930                 621
 1935                 640
 1940                 578
 1945                 608
 1950                 584
 1955                 641
 1960                 642
 1965                 695
 1970                 669
 1975                 589
 1980                 646
 1985                 560
 1990                 535
 1995                 662
 2000                 664
 2005                 575
 2010                 659
 2015                 596
 2020                 596
 2025                 665
 2030                 633
 2035                 610
 2040                 635
 2045                 669
 2050                 621
 2055                 731
 2060                 726
 2065                 600
 2070                 617
 2075                 592
 2080                 593
 2085                 784
 2090                 715
 2095                 722
 2100                 725
 2105                 575
 2110                 683
 2115                 750
 2120                 723
 2125                 724
 2130                 640
 2135                 639
 2140                 768
 2145                 745
 2150                 833
 2155                 744
 2160                 764
 2165                 647
 2170                 623
 2175                 770
 2180                 749
 2185                 685
 2190                 649
 2195                 760
 2200                 658
 2205                 754
 2210                 692
 2215                 753
 2220                 728
 2225                 807
 2230                 739
 2235                 672
 2240                 877
 2245                 744
 2250                 871
 2255                 610
 2260                 880
 2265                 684
 2270                 685
 2275                 681
 2280                 747
 2285                 758
 2290                 721
 2295                 817
 2300                 691
 2305                 692
 2310                 667
 2315                 796
 2320                 795
 2325                 705
 2330                 767
 2335                 765
 2340                 689
 2345                 774
 2350                 808
 2355                 713
 2360                 748
 2365                 845
 2370                 818
 2375                 783
 2380                 754
 2385                 830
 2390                 868
 2395                 856
 2400                 756
 2405                 686
 2410                 658
 2415                 778
 2420                 759
 2425                 846
 2430                 887
 2435                 767
 2440                 730
 2445                 717
 2450                 772
 2455                 667
 2460                 704
 2465                 704
 2470                 850
 2475                 711
 2480                 854
 2485                 709
 2490                 863
 2495                 819
 2500                 731
 2505                 833
 2510                 717
 2515                 866
 2520                 753
 2525                 802
 2530                 728
 2535                 847
 2540                 760
 2545                 840
 2550                 753
 2555                 769
 2560                 811
 2565                 823
 2570                 740
 2575                 849
 2580                 893
 2585                 740
 2590                 740
 2595                 823
 2600                 828
 2605                 859
 2610                 837
 2615                 868
 2620                 716
 2625                 825
 2630                 826
 2635                 793
 2640                 759
 2645                 998
 2650                 961
 2655                 812
 2660                 765
 2665                 816
 2670                 841
 2675                 928
 2680                 894
 2685                 927
 2690                 855
 2695                1046
 2700                 741
 2705                 945
 2710                1014
 2715                 856
 2720                 820
 2725                 895
 2730                 907
 2735                 875
 2740                 760
 2745                 964
 2750                1031
 2755                 873
 2760                 915
 2765                 880
 2770                 927
 2775                 885
 2780                 880
 2785                 897
 2790                 926
 2795                1006
 2800                 811
 2805                 771
 2810                 904
 2815                 898
 2820                 938
 2825                 979
 2830                 902
 2835                1035
 2840                 937
 2845                 953
 2850                 928
 2855                 913
 2860                1048
 2865                 909
 2870                 964
 2875                 881
 2880                 875
 2885                 846
 2890                 918
 2895                 919
 2900                 929
 2905                 843
 2910                 845
 2915                 930
 2920                 936
 2925                 898
 2930                 974
 2935                 938
 2940                1109
 2945                1021
 2950                1067
 2955                1146
 2960                 944
 2965                1037
 2970                 948
 2975                 878
 2980                 820
 2985                1000
 2990                 955
 2995                 873
 3000                1012
 3005                1042
 3010                 838
 3015                1055
 3020                1050
 3025                1101
 3030                1139
 3035                1020
 3040                 925
 3045                 976
 3050                 927
 3055                1016
 3060                1063
 3065                1070
 3070                 902
 3075                 901
 3080                 946
 3085                1081
 3090                1079
 3095                 952
 3100                1036
 3105                1002
 3110                1045
 3115                 958
 3120                1057
 3125                 990
 3130                1042
 3135                1002
 3140                1061
 3145                 914
 3150                1011
 3155                 921
 3160                1055
 3165                1030
 3170                1105
 3175                1124
 3180                1072
 3185                1080
 3190                1026
 3195                1067
 3200                 941
 3205                1019
 3210                1046
 3215                1037
 3220                1089
 3225                 991
 3230                1039
 3235                 950
 3240                 989
 3245                1013
 3250                 909
 3255                1060
 3260                1053
 3265                1052
 3270                 964
 3275                1060
 3280                 958
 3285                1147
 3290                1108
 3295                 964
 3300                 983
 3305                1154
 3310                1106
 3315                 920
 3320                1118
 3325                1013
 3330                1118
 3335                 890
 3340                1083
 3345                1051
 3350                1028
 3355                1031
 3360                1035
 3365                 933
 3370                1033
 3375                1132
 3380                1305
 3385                1138
 3390                1254
 3395                 997
 3400                1055
 3405                1092
 3410                1065
 3415                1050
 3420                1116
 3425                1058
 3430                1110
 3435                1009
 3440                1014
 3445                1205
 3450                1057
 3455                1216
 3460                1060
 3465                 971
 3470                 967
 3475                 980
 3480                1176
 3485                1077
 3490                1026
 3495                1179
 3500                1083
 3505                1032
 3510                1085
 3515                1084
 3520                1085
 3525                1294
 3530                1200
 3535                1030
 3540                1111
 3545                1096
 3550                1316
 3555                1142
 3560                1104
 3565                1103
 3570                1215
 3575                1153
 3580                1159
 3585                1217
 3590                1225
 3595                1171
 3600                1274
 3605                1071
 3610                1172
 3615                1016
 3620                1235
 3625                1124
 3630                1131
 3635                1066
 3640                1071
 3645                1239
 3650                1388
 3655                1278
 3660                1030
 3665                1185
 3670                1029
 3675                1303
 3680                1192
 3685                1083
 3690                1304
 3695                1191
 3700                1103
 3705                1194
 3710                1257
 3715                1254
 3720                1219
 3725                1046
 3730                1313
 3735                1312
 3740                1378
 3745                1158
 3750                1174
 3755                1267
 3760                1275
 3765                1167
 3770                1115
 3775                1228
 3780                1289
 3785                1066
 3790                1176
 3795                1063
 3800                1176
 3805                1343
 3810                1229
 3815                1344
 3820                1124
 3825                1130
 3830                1069
 3835                1242
 3840                1132
 3845                1239
 3850                1414
 3855                1303
 3860                1302
 3865                1256
 3870                1203
 3875                1205
 3880                1148
 3885                1208
 3890                1261
 3895                1278
 3900                1270
 3905                1439
 3910                1208
 3915                1331
 3920                1376
 3925                1380
 3930                1152
 3935                1273
 3940                1222
 3945                1224
 3950                1288
 3955                1289
 3960                1233
 3965                1291
 3970                1227
 3975                1283
 3980                1400
 3985                1287
 3990                1349
 3995                1357
 4000                1307
 4005                1131
 4010                1298
 4015                1072
 4020                1189
 4025                1371
 4030                1359
 4035                1316
 4040                1128
 4045                1597
 4050                1378
 4055                1255
 4060                1322
 4065                1318
 4070                1372
 4075                1156
 4080                1150
 4085                1316
 4090                1270
 4095                1218
 4100                1270
 4105                1226
 4110                1441
 4115                1336
 4120                1333
 4125                1336
 4130                1337
 4135                1285
 4140                1156
 4145                1288
 4150                1417
 4155                1235
 4160                1239
 4165                1414
 4170                1355
 4175                1300
 4180                1412
 4185                1116
 4190                1367
 4195                1313
 4200                1115
 4205                1243
 4210                1120
 4215                1252
 4220                1252
 4225                1428
 4230                1385
 4235                1435
 4240                1285
 4245                1323
 4250                1274
 4255                1192
 4260                1321
 4265                1386
 4270                1330
 4275                1582
 4280                1334
 4285                1150
 4290                1329
 4295                1211
 4300                1405
 4305                1330
 4310                1346
 4315                1354
 4320                1353
 4325                1538
 4330                1346
 4335                1231
 4340                1221
 4345                1292
 4350                1543
 4355                1355
 4360                1298
 4365                1548
 4370                1361
 4375                1492
 4380                1234
 4385                1299
 4390                1299
 4395                1630
 4400                1368
 4405                1378
 4410                1442
 4415                1440
 4420                1252
 4425                1456
 4430                1329
 4435                1443
 4440                1384
 4445                1381
 4450                1586
 4455                1344
 4460                1453
 4465                1269
 4470                1402
 4475                1332
 4480                1409
 4485                1533
 4490                1412
 4495                1404
 4500                1462
 4505                1480
 4510                1280
 4515                1403
 4520                1281
 4525                1604
 4530                1302
 4535                1352
 4540                1491
 4545                1618
 4550                1423
 4555                1358
 4560                1291
 4565                1430
 4570                1494
 4575                1220
 4580                1293
 4585                1567
 4590                1504
 4595                1377
 4600                1298
 4605                1438
 4610                1522
 4615                1530
 4620                1513
 4625                1384
 4630                1522
 4635                1255
 4640                1522
 4645                1402
 4650                1461
 4655                1593
 4660                1596
 4665                1400
 4670                1471
 4675                1467
 4680                1459
 4685                1475
 4690                1626
 4695                1470
 4700                1541
 4705                1613
 4710                1552
 4715                1555
 4720                1505
 4725                1407
 4730                1423
 4735                1489
 4740                1692
 4745                1362
 4750                1348
 4755                1423
 4760                1628
 4765                1429
 4770                1596
 4775                1509
 4780                1658
 4785                1517
 4790                1497
 4795                1569
 4800                1369
 4805                1361
 4810                1502
 4815                1586
 4820                1497
 4825                1370
 4830                1519
 4835                1504
 4840                1646
 4845                1463
 4850                1513
 4855                1605
 4860                1744
 4865                1459
 4870                1524
 4875                1612
 4880                1308
 4885                1537
 4890                1676
 4895                1459
 4900                1629
 4905                1695
 4910                1539
 4915                1484
 4920                1621
 4925                1325
 4930                1691
 4935                1479
 4940                1759
 4945                1551
 4950                1473
 4955                1643
 4960                1491
 4965                1627
 4970                1562
 4975                1500
 4980                1647
 4985                1565
 4990                1573
 4995                1654
 5000                1488
 5005                1650
 5010                1430
 5015                1571
 5020                1436
 5025                1520
 5030                1670
 5035                1433
 5040                1691
 5045                1435
 5050                1517
 5055                1660
 5060                1439
 5065                1668
 5070                1522
 5075                1526
 5080                1599
 5085                1524
 5090                1457
 5095                1692
 5100                1530
 5105                1446
 5110                1835
 5115                1529
 5120                1465
 5125                1613
 5130                1543
 5135                1549
 5140                1706
 5145                1764
 5150                1479
 5155                1617
 5160                1484
 5165                1548
 5170                1541
 5175                1856
 5180                1561
 5185                1553
 5190                1781
 5195                1565
 5200                1704
 5205                1640
 5210                1721
 5215                1487
 5220                1557
 5225                1563
 5230                1951
 5235                1657
 5240                1499
 5245                1579
 5250                1585
 5255                1729
 5260                1763
 5265                1819
 5270                1506
 5275                1740
 5280                1601
 5285                1675
 5290                1592
 5295                1757
 5300                1675
 5305                1523
 5310                1756
 5315                1759
 5320                1833
 5325                1596
 5330                1683
 5335                1766
 5340                1677
 5345                1606
 5350                1767
 5355                1765
 5360                1768
 5365                1701
 5370                1776
 5375                1535
 5380                1690
 5385                1471
 5390                1695
 5395                1787
 5400                1701
 5405                1869
 5410                1788
 5415                1792
 5420                1562
 5425                1720
 5430                1884
 5435                1562
 5440                1804
 5445                1740
 5450                1954
 5455                2119
 5460                1745
 5465                1765
 5470                1814
 5475                1742
 5480                1829
 5485                1828
 5490                1657
 5495                1821
 5500                1822
 5505                1663
 5510                1746
 5515                1744
 5520                1757
 5525                1593
 5530                1748
 5535                1907
 5540                1766
 5545                1599
 5550                1840
 5555                1682
 5560                1917
 5565                1845
 5570                1605
 5575                1850
 5580                1766
 5585                1695
 5590                1936
 5595                1763
 5600                1695
 5605                1527
 5610                1782
 5615                1687
 5620                1616
 5625                1714
 5630                1713
 5635                1780
 5640                1868
 5645                1717
 5650                1634
 5655                2029
 5660                1626
 5665                1728
 5670                1956
 5675                1797
 5680                1888
 5685                1983
 5690                1892
 5695                1804
 5700                1794
 5705                1746
 5710                2142
 5715                1637
 5720                1978
 5725                1823
 5730                1743
 5735                1661
 5740                1644
 5745                1995
 5750                1672
 5755                1670
 5760                1822
 5765                1667
 5770                1764
 5775                1837
 5780                2079
 5785                1588
 5790                1765
 5795                1589
 5800                1927
 5805                2027
 5810                1586
 5815                1861
 5820                1691
 5825                1688
 5830                1682
 5835                1688
 5840                1690
 5845                1595
 5850                1939
 5855                1865
 5860                1617
 5865                2121
 5870                1857
 5875                1957
 5880                1974
 5885                1866
 5890                1966
 5895                1871
 5900                2040
 5905                1710
 5910                1876
 5915                1890
 5920                1874
 5925                1876
 5930                1968
 5935                1809
 5940                1809
 5945                1993
 5950                1975
 5955                1724
 5960                1812
 5965                2068
 5970                2054
 5975                1898
 5980                1813
 5985                1909
 5990                2004
 5995                2004
 6000                1908
 6005                1811
 6010                1750
 6015                1922
 6020                1909
 6025                1816
 6030                1913
 6035                2011
 6040                1832
 6045                2107
 6050                1737
 6055                1928
 6060                1831
 6065                2277
 6070                1865
 6075                2027
 6080                1759
 6085                1750
 6090                2059
 6095                2030
 6100                1849
 6105                1936
 6110                1943
 6115                1857
 6120                2040
 6125                2046
 6130                1965
 6135                1961
 6140                1852
 6145                1875
 6150                2052
 6155                2325
 6160                2136
 6165                2140
 6170                1779
 6175                1961
 6180                1783
 6185                1788
 6190                1795
 6195                1794
 6200                1969
 6205                1792
 6210                1902
 6215                1815
 6220                1706
 6225                1986
 6230                2071
 6235                1848
 6240                1818
 6245                1738
 6250                2001
 6255                1910
 6260                1991
 6265                2014
 6270                1919
 6275                1916
 6280                2183
 6285                1995
 6290                2005
 6295                1902
 6300                1929
 6305                2012
 6310                1942
 6315                2188
 6320                2102
 6325                2033
 6330                1833
 6335                1838
 6340                2110
 6345                1934
 6350                2021
 6355                2037
 6360                2218
 6365                1938
 6370                2229
 6375                2148
 6380                1865
 6385                1854
 6390                2023
 6395                2226
 6400                2214
 6405                1767
 6410                2052
 6415                1875
 6420                1758
 6425                2049
 6430                1778
 6435                2191
 6440                1996
 6445                2242
 6450                1886
 6455                1971
 6460                2064
 6465                1877
 6470                2073
 6475                1882
 6480                2072
 6485                2076
 6490                2160
 6495                1886
 6500                1893
 6505                2275
 6510                1999
 6515                2087
 6520                2191
 6525                2009
 6530                2117
 6535                2087
 6540                2377
 6545                2157
 6550                2096
 6555                2099
 6560                1924
 6565                2193
 6570                2330
 6575                1920
 6580                2109
 6585                1929
 6590                1909
 6595                2022
 6600                2136
 6605                2031
 6610                2023
 6615                2035
 6620                2131
 6625                1923
 6630                1925
 6635                2021
 6640                1945
 6645                1846
 6650                2047
 6655                2246
 6660                1840
 6665                2035
 6670                1952
 6675                2332
 6680                2326
 6685                2147
 6690                1954
 6695                1978
 6700                1963
 6705                2261
 6710                2178
 6715                1966
 6720                2048
 6725                2245
 6730                1852
 6735                1962
 6740                1974
 6745                1873
 6750                1888
 6755                2059
 6760                2375
 6765                2167
 6770                2173
 6775                1975
 6780                2097
 6785                1882
 6790                1977
 6795                2191
 6800                2297
 6805                2016
 6810                2184
 6815                1892
 6820                1991
 6825                2204
 6830                2418
 6835                2124
 6840                1908
 6845                2012
 6850                2308
 6855                1996
 6860                1894
 6865                2415
 6870                1904
 6875                2205
 6880                2110
 6885                2523
 6890                2220
 6895                2014
 6900                2127
 6905                2019
 6910                2121
 6915                2224
 6920                2420
 6925                2124
 6930                2226
 6935                2217
 6940                2325
 6945                2126
 6950                2135
 6955                2231
 6960                2145
 6965                2047
 6970                2041
 6975                2153
 6980                2254
 6985                2153
 6990                1946
 6995                2053
 7000                2258
 7005                2054
 7010                2250
 7015                2343
 7020                2049
 7025                2253
 7030                2361
 7035                2574
 7040                2068
 7045                2075
 7050                2161
 7055                2592
 7060                2183
 7065                2274
 7070                2282
 7075                2277
 7080                2080
 7085                2428
 7090                2509
 7095                2299
 7100                2197
 7105                2297
 7110                2088
 7115                2400
 7120                2609
 7125                2177
 7130                2299
 7135                2096
 7140                2301
 7145                2183
 7150                2307
 7155                2310
 7160                2095
 7165                2428
 7170                2207
 7175                2320
 7180                2000
 7185                2425
 7190                2100
 7195                2331
 7200                2324
 7205                2323
 7210                2330
 7215                2327
 7220                2537
 7225                2136
 7230                2020
 7235                2327
 7240                2133
 7245                2354
 7250                2331
 7255                2451
 7260                2339
 7265                2019
 7270                2355
 7275                2356
 7280                2019
 7285                2676
 7290                2363
 7295                2029
 7300                2037
 7305                2259
 7310                2247
 7315                2132
 7320                2259
 7325                2254
 7330                2247
 7335                2469
 7340                2151
 7345                2252
 7350                2374
 7355                2162
 7360                2682
 7365                2248
 7370                2266
 7375                2264
 7380                2172
 7385                2276
 7390                2166
 7395                2586
 7400                2288
 7405                2064
 7410                2180
 7415                2071
 7420                2283
 7425                2281
 7430                2281
 7435                2177
 7440                2394
 7445                2293
 7450                2516
 7455                2527
 7460                2304
 7465                2302
 7470                2408
 7475                2308
 7480                2438
 7485                2245
 7490                2319
 7495                2206
 7500                2656
 7505                2114
 7510                2320
 7515                2454
 7520                2455
 7525                2233
 7530                2716
 7535                2227
 7540                2116
 7545                2569
 7550                2450
 7555                2548
 7560                2439
 7565                2227
 7570                2251
 7575                2447
 7580                2225
 7585                2114
 7590                2349
 7595                2337
 7600                2456
 7605                2486
 7610                2452
 7615                2497
 7620                2243
 7625                2458
 7630                2356
 7635                2690
 7640                2690
 7645                2472
 7650                2581
 7655                2610
 7660                2481
 7665                2139
 7670                2383
 7675                2266
 7680                2612
 7685                2257
 7690                2371
 7695                2492
 7700                2386
 7705                2607
 7710                2476
 7715                2283
 7720                2604
 7725                2479
 7730                2376
 7735                2492
 7740                2513
 7745                2394
 7750                2510
 7755                2508
 7760                2393
 7765                2608
 7770                2285
 7775                2411
 7780                2293
 7785                2280
 7790                2638
 7795                2513
 7800                2526
 7805                2641
 7810                2523
 7815                2295
 7820                2303
 7825                2305
 7830                2297
 7835                2191
 7840                2300
 7845                2408
 7850                2537
 7855                2441
 7860                2554
 7865                2440
 7870                2427
 7875                2336
 7880                2327
 7885                2340
 7890                2557
 7895                2561
 7900                2331
 7905                2448
 7910                2446
 7915                2558
 7920                2219
 7925                2559
 7930                2678
 7935                2212
 7940                2321
 7945                2552
 7950                2434
 7955                2328
 7960                2922
 7965                2700
 7970                2345
 7975                2351
 7980                2698
 7985                2351
 7990                2590
 7995                2942
 8000                2345
 8005                2340
 8010                2228
 8015                2584
 8020                2479
 8025                2229
 8030                2585
 8035                2490
 8040                2587
 8045                2476
 8050                2478
 8055                2365
 8060                2368
 8065                2245
 8070                2607
 8075                2614
 8080                2601
 8085                2394
 8090                2250
 8095                2496
 8100                2737
 8105                2367
 8110                2516
 8115                2512
 8120                2628
 8125                2635
 8130                2399
 8135                2523
 8140                2514
 8145                2750
 8150                2510
 8155                2751
 8160                2529
 8165                2276
 8170                2654
 8175                2285
 8180                2282
 8185                2644
 8190                2650
 8195                2421
 8200                2535
 8205                2765
 8210                2652
 8215                2521
 8220                2787
 8225                2535
 8230                2663
 8235                2672
 8240                2681
 8245                2432
 8250                2296
 8255                2677
 8260                2667
 8265                2923
 8270                2434
 8275                2441
 8280                2708
 8285                2804
 8290                2434
 8295                2562
 8300                2327
 8305                2431
 8310                2437
 8315                2696
 8320                2939
 8325                2694
 8330                2702
 8335                2448
 8340                2818
 8345                2696
 8350                2583
 8355                2710
 8360                2467
 8365                2456
 8370                2468
 8375                2348
 8380                2345
 8385                2839
 8390                2349
 8395                2333
 8400                2467
 8405                2486
 8410                2723
 8415                2479
 8420                2485
 8425                2369
 8430                2738
 8435                2715
 8440                2731
 8445                2622
 8450                2980
 8455                2984
 8460                2376
 8465                2619
 8470                2734
 8475                2493
 8480                2755
 8485                2642
 8490                2619
 8495                2516
 8500                2641
 8505                2750
 8510                2749
 8515                2513
 8520                2909
 8525                2523
 8530                2656
 8535                2644
 8540                2373
 8545                2767
 8550                2516
 8555                2922
 8560                2417
 8565                2399
 8570                2537
 8575                2541
 8580                2537
 8585                2767
 8590                2538
 8595                2400
 8600                2924
 8605                2536
 8610                2668
 8615                2552
 8620                2412
 8625                2542
 8630                2411
 8635                2545
 8640                2563
 8645                2561
 8650                2565
 8655                2830
 8660                2686
 8665                2680
 8670                2707
 8675                2830
 8680                2707
 8685                2439
 8690                2444
 8695                2565
 8700                2689
 8705                2846
 8710                2826
 8715                2713
 8720                2836
 8725                2447
 8730                2570
 8735                2715
 8740                2856
 8745                2605
 8750                2592
 8755                2723
 8760                2723
 8765                2591
 8770                2474
 8775                2707
 8780                2606
 8785                2738
 8790                2595
 8795                2719
 8800                3118
 8805                2622
 8810                2988
 8815                2605
 8820                2609
 8825                2474
 8830                2872
 8835                2615
 8840                2481
 8845                2478
 8850                3143
 8855                3003
 8860                2632
 8865                2493
 8870                2635
 8875                2643
 8880                2627
 8885                3295
 8890                2887
 8895                2768
 8900                2774
 8905                2761
 8910                2913
 8915                2511
 8920                2772
 8925                2648
 8930                2774
 8935                2633
 8940                2512
 8945                2898
 8950                2792
 8955                2526
 8960                2663
 8965                2659
 8970                2523
 8975                3049
 8980                2521
 8985                3057
 8990                2669
 8995                2664
 9000                2672
 9005                2660
 9010                2808
 9015                2679
 9020                2672
 9025                2954
 9030                2552
 9035                2674
 9040                2814
 9045                2687
 9050                2687
 9055                2561
 9060                2821
 9065                2825
 9070                2684
 9075                3099
 9080                2706
 9085                2957
 9090                2694
 9095                2555
 9100                2704
 9105                2713
 9110                2842
 9115                2979
 9120                2955
 9125                2857
 9130                2718
 9135                2984
 9140                3117
 9145                2709
 9150                2730
 9155                3248
 9160                3115
 9165                3111
 9170                2590
 9175                2728
 9180                2845
 9185                2587
 9190                2595
 9195                2598
 9200                2868
 9205                2849
 9210                2993
 9215                2753
 9220                2601
 9225                2749
 9230                2606
 9235                2875
 9240                2616
 9245                2889
 9250                2770
 9255                3006
 9260                2894
 9265                2769
 9270                3031
 9275                2759
 9280                2760
 9285                2621
 9290                2774
 9295                2770
 9300                2760
 9305                2898
 9310                3040
 9315                3035
 9320                2760
 9325                2626
 9330                2778
 9335                2792
 9340                2770
 9345                3047
 9350                3060
 9355                2779
 9360                2796
 9365                2647
 9370                2648
 9375                2786
 9380                2642
 9385                2799
 9390                2920
 9395                2793
 9400                3061
 9405                2924
 9410                2802
 9415                2955
 9420                3205
 9425                2664
 9430                2803
 9435                2668
 9440                2661
 9445                2820
 9450                2954
 9455                3096
 9460                3094
 9465                3098
 9470                2965
 9475                2822
 9480                3110
 9485                3105
 9490                2813
 9495                2815
 9500                2831
 9505                3106
 9510                2820
 9515                3248
 9520                2684
 9525                3108
 9530                2836
 9535                2982
 9540                3123
 9545                2833
 9550                3148
 9555                3123
 9560                2867
 9565                2720
 9570                2710
 9575                2865
 9580                3116
 9585                3010
 9590                2850
 9595                3133
 9600                2851
 9605                2858
 9610                2863
 9615                2730
 9620                2849
 9625                2865
 9630                3015
 9635                2860
 9640                3435
 9645                3017
 9650                3144
 9655                2866
 9660                2863
 9665                3012
 9670                2876
 9675                3020
 9680                2880
 9685                3028
 9690                3302
 9695                2870
 9700                3180
 9705                2888
 9710                2891
 9715                3050
 9720                3333
 9725                2899
 9730                2902
 9735                2897
 9740                2889
 9745                3473
 9750                3048
 9755                2898
 9760                2912
 9765                2900
 9770                3479
 9775                3049
 9780                3059
 9785                2776
 9790                2904
 9795                2921
 9800                3199
 9805                2909
 9810                3204
 9815                2928
 9820                3068
 9825                2928
 9830                3496
 9835                2928
 9840                3067
 9845                2784
 9850                3222
 9855                2943
 9860                2926
 9865                2954
 9870                2783
 9875                2974
 9880                3095
 9885                2948
 9890                3092
 9895                3250
 9900                3003
 9905                3257
 9910                3126
 9915                2820
 9920                2803
 9925                3125
 9930                3098
 9935                3235
 9940                3108
 9945                3400
 9950                2956
 9955                2962
 9960                2982
 9965                3082
 9970                2965
 9975                2970
 9980                3114
 9985                2810
 9990                3397
 9995                3269
