5000
  72   8
  87  66
  78  60
  24   7
  79  91
  67  11
  91  33
  32  42
  77  32
  12  41
  63  57
  14   9
   2  18
  88  91
  91  84
  67  63
  73  10
  53  74
  75  89
  30  39
  21  54
  80  22
  78  69
  84  96
  17  46
   2  90
  29  73
  67  40
  20  70
  49  19
  71  35
  63  74
  30  74
  71  65
  32  94
  41   3
  94  40
  84  62
  27  41
  98  40
  55  27
  91  33
  49  49
  34  82
  75  82
  21  84
  73  32
  51  25
  86  52
   6  70
  31  98
  41  10
 100  27
  78  82
  40  15
  88  26
   6  97
   1  38
   9   7
  14   8
  29  18
   8  93
  51  17
   5  47
  72  77
  70  62
  57  61
  43  65
  25  71
   3  11
  25  18
  26  57
  48  97
  68  46
  59  40
 100  86
  64  62
  89  27
  31   3
  63  89
  35  27
  17  84
  97  39
  18  32
  78  42
  82  16
  24  42
  47  97
  35  16
  66   5
  56  37
  11  71
  46  10
  92  42
  39  67
  89  94
  44  68
  85  89
  77  88
  71  94
  55  29
  47  74
  15  83
  79  68
  48  24
  89   6
  60  20
  63  48
  63   7
  57  65
  72  51
   9  28
  87  42
  49  37
  55  96
  60  27
  68  36
  42  32
  84  33
  46  47
  51  75
   5  46
  31  43
  32  84
  25  15
  32  32
  97  65
  13  47
  40  47
   2  63
  64  83
  79  68
  84  83
  92  47
  45  80
   1   5
  96  71
  56  60
   4  61
  91  44
  22  43
  82  89
  52  48
  17 100
  63  25
  78  39
  36  69
  80   5
  93   3
  28  50
  23  84
  22  31
  86  98
   4  29
  45  89
  39  48
   4  20
  11  49
  11  71
  95  91
  71   2
  91  14
  75  38
  41  53
  33  14
  63  78
   9  66
  88  80
  15  54
  49  36
  60  81
  36  71
  69  52
  69  75
  83  76
  57  83
  34  53
  33  12
  20  43
  40  53
  97  50
  87  43
  97  12
  64  54
  25  89
  73  42
  90  20
   7  13
  38  97
  54  29
  80  98
  34  93
   2  33
  38  28
  49  98
  13  33
  32  57
   2  64
  85  11
  52  21
  13   2
  66  47
  47  22
  67  36
  50  93
   5  51
  54  73
  23  32
  84  84
  57  99
  40  84
  90  12
  72   1
  56  34
  42  16
   7   2
  31  73
  67  22
  78  67
  28  85
  99  30
  43  54
  88   5
  47  69
  39  25
  79  68
  42  86
  33   2
  35  61
   3  52
   4   9
  54  77
  14  98
  89  52
 100   3
  67  35
  63  47
  63  58
   8  26
  22  60
  49  96
   9  56
  75  79
  94   4
  63  64
  49  27
  47  44
  40  81
  20  89
  26  88
   2  10
  15  48
  43  59
  73  26
  36  36
  96  20
  80  49
  64  19
  94  78
  23  10
  10  24
  74   6
  79 100
  41  75
  91  38
  17  63
  38  64
   4  12
  23  40
  61  90
  69  35
  78  21
  85  84
   4  24
  57  93
  30   3
  25  32
  36  78
  47  60
  97  10
  24  57
  75  44
   5  77
  58   4
  75   5
  92  96
  71  88
  35  28
  36  54
  99  12
  94  35
  22  56
  39  64
  73  39
  36   6
  73  95
  35  70
  30  76
  30  26
  98  60
  90  22
  41  89
  45  57
  32  93
  93  57
  67  94
   2  43
  32  32
  38  12
  32  92
  98  49
 100  62
  60  86
  53  42
  15  17
   3  39
  82  71
  28  32
  29  71
  95  27
  68  42
  67  95
  49  63
  86  52
  24  48
  42  82
  57   1
  31  34
  54  59
  60  35
  94  59
  50  57
  81  84
  54  51
  29  91
  42  67
  60  74
  76  74
   7  66
  11  64
  58  28
   6  92
   5  74
  52  91
  58  30
  16  55
   8  93
  42  88
  72   9
  62  18
  58  79
  25  68
  54  99
  41  36
  47  24
  88  67
  16  57
   8  15
  69  76
  41  71
  36  52
  92  37
  65  21
  11  29
  91  75
   8  14
  28  25
  51  51
  22  46
  58  88
  50   9
  99  21
  30  89
  40  82
  18  51
  74  67
  36  95
  72  66
  45  17
  49  71
  97  92
  57  91
  58  23
  91  52
  88  60
  35  15
  97  25
  51  11
  83  25
  11  34
  20  71
  49  66
  26  13
  53  93
  63  48
  81  56
 100  21
  88   8
  34  95
  80  38
  32 100
  25   9
   1   9
  44  45
  13  86
  36  18
  79  44
  68  78
  26  73
  10  47
  36  85
  22  56
  30   7
  57  66
  14  32
  11  62
  17   9
  23   1
  85  27
  11  86
  42  70
  44  55
  71  42
  18  35
  43  90
  95  64
  89  62
  48  96
  72   4
   1  40
  23  53
   6  35
  60  45
  38  64
  72  80
  43  91
  15  26
   9  73
  40  38
  56  62
  74  66
   4  51
  76  46
 100  96
  94  22
  95  79
  57  48
  49  29
  33  83
  88  41
  53  37
  92  71
  27  55
  49   7
   1  98
  93   6
  31  48
  14  60
  61   1
  45  95
  20  83
  99  38
  52  36
  18  70
  60  43
  39  89
  93  60
  75  99
  96  36
  96   2
  39  96
  73  41
  82  32
  44  48
  74  27
  79  26
  93  93
  81  82
  39  69
  55  40
  17  33
  67  35
  56  82
  67  67
  24  32
  20   5
   6  62
  69  60
  47  66
  27  79
  49  20
  91  44
  75  39
  22  79
  96  63
  59  47
  68  37
  58  80
  14  64
  72  26
  33  89
  43   9
  62  66
  75  17
  97  10
  38  24
  92  44
 100  98
  16  57
  13   8
  93  70
  95  92
  28  59
  78  32
  35  37
  91  85
  33  34
  97  45
  66   6
  90  56
  61  76
  97  64
  73  91
  54  23
  17  66
  91  54
  79  71
  85  63
   2  51
  39  74
  30  60
  82  11
  85  43
  88  50
  16  48
  31  13
  19  88
  72  50
  36  57
  57  48
  33  68
  71  76
   2  80
  51  39
  78  81
  59  30
  44  95
  36  25
   4  76
   6  40
  42  55
  52  10
  35  58
   8  11
  31  35
  50  25
  74  78
  45   7
  45  78
  73  57
 100  65
  40  98
  25  33
   2  10
  60  73
  46  66
  85  91
  28  66
  97  75
  24  47
  73  83
  28  29
   2  28
  49  86
  98  77
  26  44
  63  68
  61  79
  25  98
  26   3
  39  58
  89  89
  81  16
  67  51
   8  45
  56  65
  13  90
  84  61
  63  34
  68  62
  51  22
  78  21
  49  72
  43  24
  64  82
  79  31
  50  71
  86  44
  41  26
   2  98
  62  57
  81  81
   8  49
  37  44
  27  61
  29  91
  65  87
  97  27
  92  38
  21  47
  66  73
  97  47
  89  64
  37   4
  11  45
  64  58
  37  16
  90  52
  50  46
  71  91
  78  51
  36 100
  72  86
  76  63
  49  47
  39  76
  58  91
   9  63
  68   9
  22  88
  73   1
   9  11
  98   8
  51  10
   3   3
  62   9
  94  33
   6  57
  71  58
   2  52
  28  25
  89  12
   5  60
  74  42
  54  27
  62  17
  12  50
  22  59
  28   3
  77  54
  30  39
  15  59
   1  19
  34  76
  32  42
  91  75
  56  18
  72  31
  75  96
   9  45
  37  16
  56  54
  84  16
  50  96
  69  52
  91  33
  68  73
  29  29
  13   2
  92  70
  97  48
  88  72
  83  49
   3  44
  68  19
  28  19
  87  62
  53  40
  13  55
   1   2
   7  54
  97  99
  22  91
  32  26
  28  88
 100  34
  75  11
  63  34
   7  61
  38  43
  27  46
  73  69
  33  31
   8  83
  94  20
  80  54
  23  59
  40  75
  97  76
  81  54
  35   3
  19  97
  78  35
  87  18
  49  44
  82  90
  26  59
  16  90
  54  37
  21  38
  92  65
  82  48
  81  98
  15  61
  76   8
  59   2
   5  86
  24  34
  90  92
  85  31
  85  37
  82  55
  47  76
  51  71
  16  10
  40  62
  76  43
  35  75
  29  19
  22  34
   2  71
  46  54
 100  24
  32  23
  31  82
  83  42
   7  28
  62  82
   3   7
   8  56
  73 100
  22  90
  80  39
  59  11
  39  18
  45  74
  62  77
  47  49
  30  23
  42  52
  20  73
  64  75
  62  89
  95  24
  14   2
   6  12
  63  66
  38  63
  80   4
   3  62
  66  39
  77 100
  41  74
  65  16
  96   2
  62  51
  86  65
   9  77
  52  72
  96   4
   3  71
  62  32
  12  52
  68  28
  54  17
  10  53
  55  10
  21  45
  31  70
  96  43
  50  29
  76  49
  57  90
  25  56
  59  77
  57  23
  96  60
  19  63
  33  86
  36  42
  48  96
  53   3
   3   7
  62  76
  92  13
  64  41
  96  23
  53  61
  97  12
  80  73
  92  24
  51  21
  51  44
  49  46
  21  75
  15  33
  11  88
  98  54
  55  22
  58  38
  88  44
  58  78
  93  82
  32 100
  41  95
   6  16
  43  46
  61  45
  37  98
  53  12
  66  45
  53   4
  31  72
  40  70
  18  64
  15  15
  82  69
  57  47
  55  26
   2  25
  95  36
  96  64
  91  89
  15  16
  86 100
  25  82
  70  36
   8 100
  64  94
  68   8
  79  87
  53  98
  48  65
  70  64
  76  81
  29  66
  65  93
  69  50
   1  86
  86  97
  37  53
  55  67
  90  70
  86   4
   2  29
 100  84
  45  96
  30  20
  88  73
 100   4
   9  96
  23  59
  96  96
  73  66
  26  18
  56  21
  64  33
  63   4
   6  84
  70  77
   8  57
  15  65
  81  16
  20  20
  15  27
  47  64
  26  67
  40  53
  36  35
  53  63
   4  43
  24  68
  77   8
  92  53
  82  34
  21  82
  48  50
  53  48
  67  13
  11  10
   4  69
   3  31
  50   6
  78  32
  69   4
  44  13
  60  11
  95  53
  57  18
  50  29
  33  20
  77  28
  88  85
  51  84
  39  41
  61  80
  73  66
  25  86
  91   6
  51  91
  14  58
  82  81
  37  44
  55 100
  88  64
  41  41
  33  95
  24  26
  37 100
   4  50
  16  35
  80  24
  72  21
  28  65
  47  41
  46  95
  28  20
  92  23
  69  20
  99  42
  90  48
  94  52
  36  93
  22  65
  34  68
   4  45
   8  78
  88  10
  58  36
  56  59
  35  73
  68  87
  39  80
  65  14
  70  98
   3  51
  19  71
  68  87
  19  96
  46  41
  93  93
   3  94
  41  68
  47  47
  55  10
  50  89
  91  40
  60  48
  75  57
  49  27
  81  50
  88   6
  34  66
  83  89
  13   2
  48  21
  92  80
  86  13
  96  56
  67  19
  23  43
   9  94
  71 100
  46  69
   4  39
  24  53
  58  32
  17  28
  32  63
  20  31
 100  93
  88  82
  52  95
  92  37
  72  70
  67  49
  62  99
  29  38
  18  23
  63  11
  94  42
  31  77
  77  15
  98  77
  45  28
  90  73
  50  64
  43  75
  25  44
  94  30
  59  22
  12  69
   3  42
  67  15
  30  31
  21  46
  16  86
  37   6
   1  89
  88  56
   9  91
  61  98
  53  94
 100  57
  35  89
  55  14
  96  44
  12  85
  19 100
  73   3
  85  27
  50  17
  47  19
  71  73
  15  54
  82  37
  64  46
   1  82
  83  45
  87  91
  10 100
  71  30
  74  76
  90   6
  82  69
  98  70
  56  95
  18  77
  67  25
  60  66
  88  64
  60  73
  17  55
  71  59
  69  92
  80  18
  13  40
  62  81
   6  14
  43  23
   4  77
  47  13
  62  71
  72  17
  56  84
  20  32
  42  16
  43  20
  13  12
  26  50
  26  95
  36  50
  77  72
  13  57
  28  30
  49  58
  65  17
  22  84
  81  71
  72   6
  66   9
  99   8
  53  98
  62  73
 100   8
  83  38
  24  94
  51   6
   6  62
  35   6
  55  52
  95  83
  12  11
  22  58
   7  95
  54  47
  84  46
  74  53
  51  38
  97   5
  98  35
  85  25
  49  13
  67  15
  40  69
  33   5
  29  17
  85   3
  67  52
  40  67
  54  55
  71  57
   3  41
  48  56
  50  53
   4  95
  59  49
   8   7
  10  92
  74  76
  87  21
   9  82
   8  15
  28   2
  84  97
  94   5
  56  83
  46  24
  83  68
  85  88
  87  37
  84  28
  42   6
  84  37
  35  84
  71  66
  26  78
  25  56
  69  84
  83   3
  92  32
   3  49
   1  59
  19  43
  88   5
  46  18
  50   4
  48  63
  41  94
  78  59
  72  27
   3  32
  74  32
   5   8
  12  42
  14  35
  82  47
  40   6
  31  75
  75  82
  86  26
  86  70
  47  48
  21  69
  86   1
  45  36
  20   6
  24  67
  15  75
  67   5
  89  27
  38  69
  24  29
  79  38
   4  44
  41  54
  12   5
  53  55
   6  47
  70  54
  10  79
  74  97
   1  90
   5  98
   5  96
  93   8
  35  89
  78  50
  84  61
  51  65
  38  24
  89   7
   7  49
  92  81
  74  92
  11  97
  16  80
  75  53
  21  61
  19  98
  36  49
  91  32
  44  62
   2  29
  67  29
  52  96
  95  57
   4  69
  16  29
  74  42
  53  90
  32  23
  46  89
  58  45
  73  88
  28  79
  35  91
  95  86
  58  61
  90  67
  81  16
  71  67
  64  33
  16  66
  16  15
  35  55
  29  67
   6  59
  42  20
  95  68
   4  84
  31  24
  36   7
  71  66
  42  86
   3  64
  38   6
  59  33
  84  26
  32  77
  58  10
  36  35
  11  94
  44  10
  49  23
  48  43
  48  48
   8  62
  69  51
  78  95
  80  81
  44  59
  86  11
  28  47
  17  91
  37  12
  29  18
 100  11
  90  27
  42  19
  51  44
  43  14
  55  91
  84  92
  75  41
   5  86
   7  46
  26  33
  40  79
  51  44
   5  63
  61  23
  48   3
  11  78
  16   2
   1   7
 100  65
  71  48
  35  43
  94  55
  26  59
  99  42
  49  89
  44  41
  57  90
  62  57
  49  32
  47  76
  44   1
  17  14
  19  39
  72  30
  84  96
  45  37
  10  47
  54  98
  33  55
   4  56
  80   6
   2  48
  25  88
  28  37
   1  65
  47  68
  77  44
  91  27
  88  74
  47  55
  62  83
  76  98
  93  31
  89  78
  10  11
  92  79
  65  73
  48  21
  40  17
  70  33
   1  46
  94  45
  79  29
   4  15
  95  91
  99  23
  64   1
  36  71
  83   3
   1  91
   7  41
  64  20
  52  82
  11  37
  62  22
  42  77
   4  75
  95  87
  86  18
  84  95
  32  54
  42  13
  52  94
  25  20
  98  55
  41  72
  77  92
  47  10
  77  73
  62  15
  26  73
  59  28
  60  36
   7  54
   1   8
  60  14
  11  48
  75  46
  94   1
  40  63
  44  59
  66  66
   8   8
  29  74
  63  71
  85  80
   1  16
  62   3
  95  25
  92  73
  33  96
  15  37
  31  35
  99  85
  64  32
  68  83
  10  71
  50  56
  95  65
  31  92
  83  46
   9  96
  96  21
  89  77
  30  22
  96  52
  58   4
   2  59
  45  65
  68  99
   1  90
  30  46
  76  63
   8   3
 100  75
  96  67
  69  20
  41  70
  80  62
  38  79
  69  23
  43  68
  60  62
  91  30
  25  28
  77  31
  16  15
  69  45
  38  55
  69  38
  53  14
  32  28
  33  63
  97  83
  72  73
   5  32
  35   9
  63   9
  87  92
  60  86
  27  74
  99  30
  90  76
  61  99
  47  16
   3  34
  59  86
  76  58
  79  61
  42  54
  51  28
   9  81
  74  70
   2  66
  58  20
   5  96
  31  25
  20  24
  71  43
  74  12
  41  64
  97  38
  90  35
  55  38
  59  80
  83  12
  68  94
  66  30
  48  15
  84   8
  67   1
  52  80
 100  27
  70   8
  15  85
   5  54
  42   1
  44  39
  18  98
  29  63
  16   6
   4  92
  12  38
  20  70
   6  73
   7  10
  72  91
  27  81
  19  71
  57  23
  77  34
  13  42
  95  41
  18  97
  90  45
  19  26
  75  70
   6  71
  43  94
  80  21
  88  14
  21  85
  34  42
  45   4
  92  28
 100  12
  19  59
  18  59
  27  50
  70  15
  87  81
   4  43
  20  88
  60  97
  53  29
  45  56
  14  64
  81  24
  88  41
  19   8
  43  56
  31 100
  67  22
   1   7
  92  42
  32   2
  94  43
  28  17
  83  56
  22  29
  42   7
  43  75
  27  26
  56  24
   4  74
  20  78
  16  94
  58  10
  22  89
   5  46
  56  47
   9   9
  28  29
  27  77
  16  54
  88  96
  41  24
  98   1
  25  19
  60  21
  52  92
  52  54
   7  62
  70  47
  52  90
   2  29
  77  44
  56  25
  52  77
  34  78
  62  10
  71   5
  23  76
  63  79
  22  85
  52  26
   9  12
  11  67
  99  28
  98  51
  64  87
  56  64
  61  25
  69  17
  57  82
  44  29
  78  68
  90  69
  60  59
  50  81
  87  71
  33  92
  19  80
  54  41
  29  44
  18   5
  32   7
  96  50
  73   2
  25  90
   6  11
  78  97
  12  88
  78  71
  64  34
  33  34
  75  13
  53  10
  34  13
 100  21
  85  47
  86  65
   2  77
  77  44
  60  66
  43  56
  32  62
  51  43
  96  78
  13   8
  15  91
  50  90
  96  95
  71  13
   2  23
  30  79
  79  83
   3  64
  55  23
  16  25
  24  59
  55  34
  39  30
  75  14
  82  62
  49  48
  60  91
  32  58
  44  49
  23  76
  78  91
  86  42
  70  53
  13  38
  43  68
  56  66
  87   5
   5  53
  35  43
  58  83
  77  81
  22  62
  88  91
  36  38
  69  55
  94  12
  87  59
  38  95
  76  70
  70  99
  86  72
  73  27
  90  74
  14  80
  60  97
  65  82
  39  89
  74  34
  87  13
  16  21
  69  45
  43   9
  57  73
  86  45
  31  32
  76  33
   7  87
  99  63
  61  55
  81  56
  93  16
  95  62
  46  91
  31  89
  49  47
  90  88
  64  63
  42  30
  52   7
  88  61
  92  49
  10  67
   3  37
  31  46
  80  20
  19  32
  20  60
  68  72
  63   8
  93  55
  38  79
  66  42
 100   6
   8  43
  40   3
  66  99
  31  51
  96  35
  70  42
  28  82
  14  85
  15  29
  55  21
  73  43
  41  75
   6   3
  86  63
  15  48
  99  48
  36  25
  56  35
  36   6
  11  80
  71  10
  40  54
  74  24
  53  55
  69  46
  55  87
  21   4
  54  75
  96  10
  92  18
   5  58
  79  51
  98  96
  42   9
   8  19
  46  62
  78  75
  53  26
  82  54
  67  12
  61  20
  79  14
  88  70
  56  10
  30  32
  29  27
  28  15
  70  89
  47  11
  72  64
  56  69
  38  39
  78  50
  13  72
  63  80
  17  22
  16  95
  89  91
  10  18
  60  63
  57  56
  41  44
   9  52
  61  52
  10   3
  95   4
  80  72
  72   2
  73  69
  63  45
  17  30
  50  99
  33  58
  47  36
  52  76
  62  30
 100  18
  68  80
  99  96
  23  46
  95  12
  58  97
   6  42
  24  55
   9  97
  16  94
  13  91
 100  77
  60  34
  90  71
   6  67
  14  26
  31  27
  61  19
  74  28
  50  29
  54  17
  51  79
  28  77
  54  54
  82  81
  88  29
  74  39
  17  67
  54  58
  22  46
  26   4
  20  13
  99  95
  70  41
  10  87
  20  68
  52  70
  92  18
  29   1
  41  35
  94   7
  99  68
  88  43
  11  96
  18  35
  15  11
  62  22
  99  38
  26  77
  49  26
   8  70
  34  18
  96  36
  43  14
  22  63
  19  86
  59  63
  37  85
  72  63
  36  78
 100  48
  48  80
  57  50
  33  94
  22  70
  87  50
  32  64
  44  81
   7  47
  30  99
  13  71
  74  75
  41  86
  93  62
  69  46
  41   4
  25  86
  67  39
  15  71
  80  23
  67   9
  12  58
  72  82
  54   8
  15  46
  85  37
  40  52
  79  18
  74  48
  96  74
  51  33
  89  50
  96  45
  54  67
   5  94
  92  50
  88  39
  88  60
  82  24
  23  31
  30  50
  46  25
  35  95
  94  83
  44  28
  46  29
  18  87
   2   8
  29  60
  98   8
  86  50
  71  83
  57  44
  46  97
   9  49
  97   2
  40  83
  47  25
  53  75
  62  19
  78  15
  75  35
  99  97
  46  50
  84  44
  55  10
  51  32
  40  47
  26  15
  91  10
  62  73
   6  49
  44  40
  66  98
  18  29
  85  56
  49   4
  55  67
  85  75
  50  32
  66  80
  48  80
  46  84
  74  12
  56  84
  27   5
  43   6
  35  20
  18  61
  13  73
  42  48
  13  39
   8  32
  93  95
  25  88
  90  27
  90  93
  43  32
  53  77
  66  99
  86  25
  98  56
  54   9
  88  12
  18  59
  32  72
  70  49
  19  33
  83  75
  35  95
  65  64
  98  53
  85  82
  70   6
  80  40
  68  45
  68  83
  16  97
  55   5
  88  67
  44  86
  45  57
   5  39
  27  80
  14  16
  27  33
  15  52
  89  47
  90  20
  66  76
  93  92
  12  37
  99  81
  28  34
  65   8
  49  14
  41   1
   3  51
  15  16
  80  10
  22  79
  18  46
  75  96
  69  94
  21  22
   3  83
  90  42
  53  74
  18  12
  56   2
  68  50
  97  30
  33  73
  29  41
  93  65
  80  30
   2  97
  96   2
  76  23
  60  60
  74   9
  21  31
  99  90
  33  42
  13  79
  18 100
   8  28
  53  37
  86  41
  52  17
  61  68
  41  64
  63  42
  84  37
  10  58
   7  62
  90  41
  31  61
  34  59
  46  72
  12  56
   7  98
  26  26
  17  45
  46  90
  32  34
  38  93
  68  19
  23  25
   7  16
  29  81
  37  33
  20  21
  51  39
  81  65
   5  12
  60  95
  51  59
  20  51
  13   8
  72  39
   5  44
  33  67
  53  53
  48   3
  98  37
  17  27
   4  52
  60  26
  95   2
  47  13
  78  25
   8  86
  13  83
  89  68
  52 100
  97  21
  70  31
  56   7
   4  69
  14  68
  19  66
  15  56
  74  82
  51  39
  20  87
  37  31
  16  93
  89  26
  63  66
  86  68
  28  40
   4  40
  37  15
   6  21
  52  55
  39  87
  74  29
  95  89
  37  69
  48  17
  81  92
  82  74
  97  75
  46  21
  35  72
  33  96
  91  32
  49  71
  44  44
  80  72
  14  47
  25   4
  69  60
  55  66
  35  40
  11  91
  40  19
  10  51
  43  83
  31  83
   6  93
  41  55
  42  27
  36  67
  72  34
  69  52
  59  97
  79  68
  78  82
  57  86
  65  71
  53  34
  59  63
   9  97
   3  78
  80 100
  84  26
  19  10
   4  95
  14  87
  68  34
  93   6
  77   5
  94   3
  47  90
  88   6
   6  22
  93  58
  40  56
  96   5
  41  66
   2  63
  48  61
   2  77
  19  83
  42  64
  86  22
  32  38
  76  56
  65   4
  90  78
   1  73
  96   1
  95  18
  85  93
  82  55
  44  72
  52  40
  84  91
  22  31
  49  59
  56   5
  44  11
  95  43
  54  80
  72  12
  92   1
  71  92
  21  96
  35  38
  66  72
   7  54
  18  68
  98  40
  10  41
  71  41
   8   3
  41  91
   4  46
  17  38
  57  58
  72   2
  40  51
   6  58
  90  15
  38  56
  61  84
  72  98
  21  47
  53  79
  15  65
  70  62
  30  80
  88  78
  56  69
  66  99
  22  55
  63  63
  28  84
  74  56
  31  78
  67  77
  81  57
  72  44
  98   7
   4  12
  59  21
  34  75
   3 100
  37  25
  33  26
  35  93
   5  13
  60  86
  46  20
   4  30
  92  89
  35  20
   9  51
  31  68
  81  74
  87  36
  70  95
  40  19
  69  92
   5   4
  34  55
  43   8
  78  98
  52  40
  59  47
  55  79
   4   1
  97   7
  30  55
  70   5
  22  46
  83  90
  47  41
  90  23
  86 100
  87  24
  33  98
   6  93
   5  17
   9  65
  35  17
  43  28
  57  48
  85  66
  32  91
  32  84
  24  45
  15  83
  92  10
  22   7
   4  17
  55  69
  32  62
   5  20
  33  61
  42  76
  78  51
  17  92
  57  48
  47  38
  74  84
  61  85
  13  34
  51   2
  43  21
  60  14
  21  17
  94  98
  44  51
  43  16
  96  76
  11  62
  91  63
  52  44
  65  99
  72  67
  86  54
  26  83
  31  97
  72  72
   9  56
  62  44
  90  26
  67   8
  13 100
  20   2
  80  81
  85  18
  88   2
  52  11
  24  51
  63  72
  62  54
  58  10
  11  65
   5  61
  66  66
  10  22
  18  15
  46   7
  91  83
  32  53
  62  52
  79  17
  79  21
  14  14
  72  66
  64  78
   7  38
  17  87
  69  20
  18  40
  29  31
  52  32
  99  39
  19  74
  29  99
  36  70
  65   9
  85  66
  81  30
  97  33
  91  94
  68  20
  89  56
  23  62
   8  57
  27  25
  84  31
  26  78
  11  36
  15  93
  85  16
  83  44
  39  56
  40  54
  78  11
  57  99
  23  94
  10  71
  16  58
  25   2
  86  20
  25  74
  49  14
   2  22
  87  93
   9  97
  81   2
  54  92
  50  45
  59   5
  93  74
  75  73
  58  10
  38  78
  32  62
  34  68
  77   5
  83  44
  49  56
  43  23
  79  78
  22  18
  14  54
  56  18
  15  12
  70  50
  20  65
  30  70
  77  70
  45  66
  84  47
  23  79
  46  21
  18  42
  44   2
   6  87
  91  42
  85  31
  16  38
  57  85
  78   9
  78  29
  85  95
  26  63
  75  81
  34  63
  21  96
  55  76
   9  58
  88  78
  97  26
  78  18
  51  51
  38  89
  54  15
  21  14
  27 100
  66  92
  53   4
  95  15
  42  37
  85  72
  31  87
  94  91
   2  93
  35 100
  42  73
   7  41
   2  56
   5  12
   2  50
   9  48
  78   1
  94  92
  60  68
  70  83
  12  10
  95  69
  70  31
  96  15
  12  46
   7  69
  13  16
  33   8
  41  54
  51  66
  98   1
  40  24
  94  45
   2  24
  42  59
   2  10
  78  54
  98   8
  30   8
  78  92
  48  94
  66  17
  51  93
  29  90
  88  91
  87  22
  55  65
  94  65
  28  10
  75  58
  74  17
  80  33
  84  42
  81  78
   6  26
  19  63
  75  19
  54  15
 100  78
  94  20
  47  96
  33  26
  21  67
  84  24
  84  58
   8   2
   1  14
  14  44
  94  94
  69  14
  99  61
  59  20
  70  95
  87  12
  36  73
  53  86
  74  81
  58  31
  43  98
  45   5
  22  67
  42  41
  36  54
  46  26
  59  46
  68  54
  10  53
   3  50
  72   4
  95  95
  74  84
  60  30
  48   7
   5  28
  11  13
  45  39
  86  99
  96  67
  61   5
  12  56
  85  83
  29  78
  44  11
  10  30
 100  52
  52  57
  36  78
   1  95
  30  48
  30  54
  15   6
  45  14
   7  93
  30  43
  64  35
  74  29
  58  71
  80  43
  76  37
   8  24
  61  86
  77   1
  40  90
  52  35
  40  66
  69  16
  80  96
 100  44
  34  76
  56  10
   3  80
  58   2
  23  28
  30  41
  85   4
  50  91
  84   5
   3  36
  79  86
  19  71
  46  63
  35  95
  38   3
  26  62
  76  22
  59  79
  36  73
  52  54
  44  84
  62  75
  18  16
  82  79
  49  59
   1  14
  48   1
  36  10
  72  33
  51  14
  53  47
  36  31
  50  18
   2  39
  92  76
   2  90
  36  21
  72  90
  92  42
  83  25
  56  11
  95  22
  77  63
  99  17
  93  46
  86  70
  28  48
  36  32
  39  72
  97  81
  71  23
  86   2
   5   2
  37  33
  63  16
  54  61
  61  73
  14  93
  68   4
  98  83
  39  24
  87  67
  69  90
  97   8
  70  68
  29  42
  77  76
  40   9
  69  70
  40  29
  87  72
  29  70
  99  41
  68  66
  91  52
  51  85
  92   2
  78  16
  86  21
  44  57
  26  78
  97  97
  46  97
  98  51
   5  55
  13  77
  91  77
  67  33
  35  91
  79  86
  52  71
   5  62
  89  32
  63  34
  88  57
  39  68
  12  86
  45  64
  53  81
  86  98
  77 100
  33  50
  41  26
  25  81
  45  83
  47  72
  28  86
  69  43
  49  82
  23  48
  27  14
  65  88
  16  60
  62  96
  79  19
  27   3
  64  29
  19  92
  67  53
  17   7
  97  62
  15  85
  34  91
  10  12
  18  36
  85  91
  18   4
  70  85
  14  17
  47  59
   5  73
  38  81
  72  18
  35  22
  74  21
  89  95
  75  14
  71  60
  52  43
  28  12
  86  26
  54   2
  19  40
  31  57
   1  19
  44  25
  12  66
  29  38
  51  23
  94  36
  34  22
  49  48
  86  48
  83  71
 100  35
  47   7
  39  32
   8  98
  84  32
  83  85
  95  83
   9  37
  59  54
  75  98
  78  16
  14  36
  22  52
  95  98
  56  53
  64  67
   3  21
  88  91
  43  86
  13  30
  78  26
  59  48
  62   6
  11  16
  69  29
  77  18
  81  86
  30  95
  88  71
  26  67
  95  31
  69  70
  53  91
  34  10
  50  32
   5  64
  61  28
  17  44
  91  66
  29  22
   1  43
  29   6
  40  35
  19  96
  42  71
  95  64
  36  40
  98  12
  78  31
  62  36
  38  66
  66  65
  37  16
  47  29
  58  57
  52  86
  20  84
  58  29
  22  84
  71  97
  41  76
  91  60
  62  10
 100  96
  77  63
   6  30
  97  33
  94  47
  41  97
  65  52
  22  89
  83  52
  94  72
  48  44
  17  33
  53  58
  37  42
  59  80
  79  63
  98  67
  51  38
   4  79
  45  55
  92  26
  46   6
  13  49
   1  56
  34  34
  91  92
  80  66
  27  67
   9  20
  90  26
  75   7
  45  98
  28   9
  41   7
  16  60
  12  78
  81  93
  96  53
  33  51
  93  65
  97  21
  18  26
  61 100
  49  52
  96  95
  27  46
  41  15
  38  30
  70  17
  53  88
  96   9
  19  56
  88  81
  39  73
  56  43
  19  40
  77  76
  85  91
  63  77
  95   2
  85  66
  14  59
  23  36
  19  25
  49  55
  31  96
  62  13
   5  31
  53  62
  23  70
  79  68
  87  52
  85  68
   6  72
  83  50
  64  16
  52  94
  85  18
  44  59
   7  30
   4  64
  57  11
  62  25
  32  22
  65  47
 100  12
  57  59
  25  59
  49  76
  94  79
  48  63
  78   5
  58  78
   9  37
  29  28
  73  41
  48  28
  81  49
  66  16
  10  68
  50  92
  25  99
  10  44
  76  28
   6  18
  37  94
  78  83
  39  67
  70  27
  61  70
  57  14
  72   2
  40  98
  93  54
  12  15
  72  23
  86  26
  59  99
  50  34
  78  15
  71  18
  90  28
  90   2
  76  77
  36  88
  19  63
  72  78
  50  41
  20  39
  79   6
  27  78
  38  22
  93  81
  30  76
  86  69
  81  21
   4  77
  11  92
  26  38
  65  95
  17  18
  29  34
  46  71
  65  34
  68  54
  35  14
  72  47
  12  49
  66  68
   2  30
  85  14
  58  28
  78  35
  62  64
  61  28
  73  65
  48  77
   9  30
  80  66
  69  42
  13  52
  91  20
  98  93
  86  36
  85   4
  78  22
  80  21
   1  37
  39  39
   8  19
  92  71
  86  43
  77   4
  77  95
   1  99
  32  35
  62  85
  45   1
  53  74
  39  67
  34  77
  96  82
  61   1
  57  64
  54  10
  17  97
  17  21
   6  37
  65   7
  89   9
  33  89
  77  38
  95  44
   3  98
  45   7
  68   6
  14  85
  62  72
  82  23
  60   6
  92  75
  92  74
  23  90
  26  35
  50   8
  39  16
  93  85
  75  24
  77  61
  35  49
  47  31
  25  33
  68  67
  89  18
  27  46
  24   9
  71  39
  43  86
  62  79
  90  41
  15  28
  89  60
  92  90
  59  47
  47  10
  18  60
  22  79
  14  44
  52  69
  57  46
   2  19
  90  71
  54  78
  80  41
  15  84
  62  11
  21   2
  73  13
   7 100
   9   9
  21  36
  63  69
  99  70
  59  84
  67  76
  82  46
  49  82
  50  66
  82  75
  48   7
  89  52
  93  14
   6  68
  89  19
  36   1
  25  64
  32  62
  20  78
  96  53
  71  79
  88  15
  19  12
  32  66
  47  24
  37  54
  67  20
  85  59
  53  32
  89   6
  46  18
  13  35
  30  46
  19  45
   7  58
  99  28
  79   6
  75  87
  57  63
  77  92
  15  51
  53  80
  89  84
  33   3
 100  35
  30  73
  51  14
  61  34
  66  38
  34  60
  13  41
  52  90
  35  90
  92  99
  93  90
  42  39
  68   9
   2  61
  70  64
  27   6
  43  37
  38  29
  82  12
  33  23
  91  39
  42  45
  94  62
  93  55
  75  37
  88  68
  84  79
  10  43
  79  69
  39  40
  69  94
  19  80
  46   4
  64   9
  53  50
  44  17
  54  31
  49  84
  46  19
  24   1
  55  73
  87  81
  33  17
  26  98
  72  55
  60   6
  51  39
  23  30
  56  50
  37  58
  49  62
   2  22
  55  13
  14   2
   1  11
  41  89
  50  33
  55   3
  43  56
  97  86
  55   3
   9  18
  80  96
  17  15
  47  73
  31  23
  26  50
  80  31
  81  61
  62  63
  58   2
  66  78
  58   4
  74  38
  85  80
  59  83
  27  69
  71  13
  92  95
   4  89
  37  16
 100  97
   4  16
   8  34
  38  39
   7  38
  54  20
  17  13
  61  60
   3  29
  68  37
  73  54
  69  89
  80  99
  27  66
  85  57
  71   7
  75  11
  47  22
  17  39
  20  23
  36  40
  97  94
   9   1
  60  16
  10  61
   4  79
  29  55
  54  79
  47  59
  92  36
  51  21
   9  89
  97  70
  50  70
  56  82
  72  73
  13  89
  31  50
  83 100
  78   8
  12  61
   9  19
  17  97
  36  43
  57  14
 100  97
  26  69
   2  88
  21  54
  46  91
  79  85
  62  66
  51  11
  36  49
  42  62
  57  52
 100  94
  67   3
  81  53
  23  29
  80  31
  31   8
  27  17
  84  79
  43  50
   7  77
  97  35
  41  56
   5   9
  59  15
  82  65
  23  48
  47  67
  33  44
  32  82
  13  70
  59  79
   5  95
  64  67
   9  51
  44  82
  37  59
  82   2
  15  84
  76  89
  90  73
  95   6
  62   8
  99  29
  64  87
  38  37
  20  12
  51   5
  42  81
  79  50
  86  10
  75  56
  80  99
   3  83
  42  75
  74 100
  83  45
  38  43
   4  32
  18  67
  56  74
  31  93
  82  52
  55  94
  65  22
  40  16
  43  45
  36   9
  47  56
  87  65
  67  63
  89  33
  63  21
  58  92
   5  96
  44  10
   5  83
  40  83
  17  71
  51   5
   4   6
  74   9
  60  24
  39  28
  87  55
  26  28
  90  38
  25  16
  93  19
  32  25
  39  65
  91  62
  79  20
  16  62
  33  28
  63  39
  53  53
  73  63
  36  35
  73  67
  88  86
   5   6
  95  98
  24  23
   7  29
  62   1
 100  13
  89  30
  81  27
  11  48
  96  66
  60  72
  49  84
  21  35
  29  79
   5  22
  70   6
  71  93
  53  65
  48  28
   3  70
  18   8
   2  34
   9  35
  85  43
   2  42
  48  47
  21  83
  91  81
   3   8
   9   6
  79  66
  25  71
  32  37
  22  69
  96  19
  22  90
  28  55
  11   2
  72  32
  33  40
  27  74
  63  42
  71  29
  57  29
  22  51
   5  82
  88  11
  81   1
  25  47
  12  64
  17  89
  72  40
  78  46
  48  75
   5  54
   6  22
  89  64
  23  10
  12  73
  53  12
  18  63
  61  89
  99  40
  69  53
  13  55
  20  77
   2   2
  29  70
  22  36
  84  59
  16  41
  19  24
  13  87
  37  57
  94  52
  29  79
  56  62
  44  25
  93  14
  22   9
  56  80
  98  24
  55   1
  77  95
  35  42
  81  44
  90  72
  26  16
  57  12
  64  38
   9   9
  63  76
  27  60
  76  69
  24 100
  48  23
  42  70
  49  33
  24  98
  63  27
  62  35
  17  65
  57  67
  81  65
   8  63
  54  89
  91  97
  75  17
  19  26
  27  16
  98  39
  51   9
  20  95
  95  16
  70  51
  44  14
   2  48
  57  77
  60  55
  77  72
  43  87
  37  30
  26  40
  23  13
  48  16
  22  12
  95  46
  42  53
  33  80
  14  69
  28  53
   8   1
  51  64
  21  14
  84   4
  78  99
   5  24
  34  97
  74   5
  97  75
  59  81
   9  80
  73  74
   3   2
  54  80
  35  32
  51  43
  51  62
   2  32
  81  27
  63  89
  80  15
  94  71
  17  75
  37  32
  27  49
  23  62
  83  32
  38  23
  48  36
  13  33
  74  65
  30  63
  69  42
  74  84
  29  84
  36  27
  51  80
  42  48
  14  94
   1  35
  75  74
  41  86
  34  92
  69  92
  98  66
  76  39
  99   9
   5  97
  93  49
  47  47
  76  33
  59  41
  30  91
  42  66
  69   3
  93  67
  78  26
   8  10
  28  32
  95  93
  77  74
  63  87
   1  54
  92  38
  61  92
  97  38
  19   6
  65  96
  58  42
  81  94
  13   2
  86  59
  39  45
  12  46
  94   8
  87  80
  76   3
  25  93
  53  37
  20  50
  79  41
  29  96
  78  15
  97  64
  79  95
  39  56
  67   4
  63  45
  68  71
  73  29
  40  61
  25  74
  25  29
  42  92
  88  15
  64  40
  88  38
  74  86
  89  57
  11  88
  41  40
  93  35
  35  35
  20  69
  39  40
  36  83
  66  73
  73  10
  90  28
  54  81
  47  22
  40  21
  67  17
  92  63
  44  42
  40  57
  28  71
  82  39
  41   9
  65  48
  33  24
   8  29
  55  49
   4  94
  72  72
  30  43
   5  80
  45  80
  34  84
  72  72
  86  99
  95  62
  91  42
  38  97
  65  53
  83   6
  70  59
  26  39
  77  73
  33   6
  43  38
  33  55
  81  88
  17  14
  39   6
  29  84
  12  37
  32   4
  92  79
  22  33
  70   6
  37  42
  34  13
  20  12
  22  82
  57  67
  79  96
  55  84
  14  29
  15  54
   3  87
  76  92
  38  46
  20  26
  85  69
  89  22
  41  30
  35  60
  48  55
  80  69
  67  54
  14  73
  23  83
  48  55
  33   5
  96  81
  18  22
  83  80
   4  68
  38   9
   3  32
  91  37
  15  96
  30  42
  74  47
  30  58
  76  59
  58  23
  92   4
  29  48
  18  95
   6  75
  80  49
  20  55
  62  25
  10   8
  45  56
   4  69
  81  28
  21   6
  38  58
  80  14
  96  40
  85  98
   3  61
   5  34
   5  63
  64  27
  17  95
  14  50
  91  23
   4  20
  81  57
  37   3
  18  30
  49  80
   9  85
  76  65
   1  28
  69  77
  42  56
  81  77
  78  57
  35   2
  32  60
  90  88
  53  17
   1  17
  81  55
  25  46
  57  90
 100   1
  55  23
  21  28
   9  37
  28  21
  33  87
  56  31
  44  69
  62  71
  94  72
  99  82
  62  75
  92  42
  90  98
  29  63
  45  44
  76   8
  79  67
  48  47
  65  26
  30  25
  38  56
  90  37
  32  79
  33  15
  11  60
  53   4
  23  48
  14  80
  84   2
  76  78
  19  76
  84  18
  27  47
  52  21
  29  71
  13  30
  87  94
  71  98
  18  11
  12  17
  95  50
  29  45
  55   6
  49  90
  47  83
  82  70
   3  54
  49  23
   9  22
  53  71
  84  32
  99  48
  45  64
  84  40
  70   9
  80  74
  22  67
  30  93
   4  32
  55  73
  31  86
  63   8
  73  62
   2  50
   6  83
  35  12
 100  17
  87  98
  84  96
  72  75
   8  30
  56  85
  11  39
  84  89
  60  58
   4 100
  87  57
  28  87
  56  33
  55  40
   2  56
  11  17
  63  14
  86   8
  76  53
   8  80
  35  12
  76  59
  47  55
  51   1
   9  64
  78  20
  76  73
  12  60
  70  45
  29   4
  21  64
  20  78
  82  31
  19  80
  97  27
  26  83
  13  80
  17  44
  55   5
  20  52
  49  83
  71  56
  59  47
  83  34
  81  95
  94  27
  50  31
  63  50
  17  88
  18  55
  58  46
  24  71
  84   3
   2  31
  24  11
  38  23
 100  25
  55   1
  97  53
  98  42
  14  64
  61  37
  18   9
   3  73
  16  89
  59  48
  45  34
  90  25
  81  67
  99  49
  53  27
  49  85
  40  51
  12  59
  61  65
  80  76
  41  10
  87  33
  58  86
  64  16
  46  55
  67  17
  72  83
  10  44
  55  10
  57   1
   5   7
  58  35
  27  73
  72  73
  86  26
  45  15
  58  47
  74  23
  99  51
  98  71
  29  84
  41  58
  64  81
  66  89
  12  83
  63  68
  47  70
  64  25
  43  16
  75  28
  79  71
  70  63
  12  66
  69  88
  48  18
  86  17
   3  62
  94  76
  12  21
  29  75
  74  49
  89  65
  88  32
  95  66
  86  22
   3  79
  17  10
  94  18
   4  38
  96  20
  76  72
   3  95
  97  55
  48  15
  78  21
  40  79
  55  30
  80  89
 100  76
   8  22
  77  17
  54  95
  12  78
  17  97
  22  93
  60  78
  94  66
  17  33
  55  45
  41  94
  92  34
  94  97
  49  53
  62  36
  63  88
  86  23
  87   3
  67  48
  48  11
  68  11
  74  98
  40  67
  47  10
  97  17
  12  94
  17  74
  55  49
  51  84
  40  66
   6  81
  88  47
  41  14
  46  38
  63  49
   8  13
  37  93
  52  45
  28  67
  19  21
  66  94
  86  84
  66  86
  39  80
  32  21
  34  33
  93  73
  29  33
  82  70
  64  93
  37  18
  85  48
  43   2
  35  70
  97  25
  94  80
  12  30
  51  10
  26   7
  52  13
  51  75
  53  30
  49  99
  72  26
  40  52
  42  52
  65  20
   4  52
  31  52
  93  25
  94  69
  96  30
  51  50
  64  48
  13  16
   1  31
  87  75
   7  53
  13  88
   6  39
  15  83
  96  87
  99  87
  59  89
  43  84
  44  46
  47  32
  48  82
  28  37
   5  25
  81  70
   4  81
  77  72
  90  78
  65  11
  27  46
  64   5
  34  45
  72  62
  14  92
  14  25
  93  17
  93  86
  79  82
  46  64
   5  19
   4  97
   7  45
  23   7
  54  97
   2  77
  31  24
  73  22
  80  96
  59  94
  39  55
  76  63
 100  71
  83  46
  89  69
  10  62
  18  17
  29  68
  99  34
  84  79
   1  51
  95  38
  49  50
  57  92
  45  55
  48  74
   4  75
  86  12
  76  22
  77  33
  78  87
  43  52
  14  96
  85  59
  68  28
  84  45
  86  94
  29  85
  18  30
  89  32
  62  87
  72  67
  87  81
  99   1
  91   3
  15  74
  50  40
  37  45
  50  10
   7  24
  42  71
   8  85
  84  67
  62  50
  46  69
  43  48
  47   2
  74  77
  94  31
  64  61
  91  27
  82  42
  12  36
  76  78
  38  96
  79  84
  80  71
  99   2
  92  59
   4   6
  41   8
  82  40
  40  33
  74  83
  42  87
  87  38
  53  88
  73  76
  78  47
  41  11
  42  10
  61  42
  51  72
   1  61
  90  36
   7  33
  15  18
  34  28
  29  56
  77  38
  14   3
  78  40
  65  32
  61  61
  90  41
  39  59
  45  52
  94  68
  23  14
  15   9
  46  88
  29  86
  16  66
  88  23
  25 100
  90  33
  64  41
  33  32
  38  17
  33  57
  69  22
  70  31
  53  43
  29  78
 100  37
  36  59
  15  13
  16  58
  63  58
  91  97
  93  39
  37  72
  14  88
  46   2
  74  89
  17  59
  67  58
  67  90
  88  81
  59  25
  26  82
  24  10
  39  97
  19  53
  77  25
  55  75
  17  67
  87  61
  93  32
   7  93
  19   3
  21   8
   7  18
  53  61
  95  16
  58  37
  76  83
  32  87
  76  71
  67  46
  18   3
  21  77
  65  54
  19  50
  97  60
  67  10
  14  35
  34  83
  83  32
  16  87
  34  14
  12  85
  68  45
   7  70
  43  83
   3  85
  46  23
  88  74
  61  26
  89  27
  90  26
   3  44
  47   5
  19   5
  89   2
   5  41
  24  89
  85  10
  16  73
  25  30
  40  97
  15  63
  24  83
  52  35
  80  21
  33  89
  75  49
  90  16
  30  84
  16  33
  26  54
  95  83
  67  36
  15  95
  77  65
  58  32
  18  93
  99  44
  90  14
  70  47
  88  93
  32  40
  94  13
  96  30
  58  30
  50  36
  29  22
  90  96
  85  34
  92  65
   7  23
   3  27
  87  99
  32  99
  10  45
  61  91
  63  77
  77  23
  53  66
  49  53
  17  10
  16  90
   4 100
  23  57
  87  13
  44  19
  65  77
  23  60
  37  59
  69   9
  93  70
  37  70
  10  61
  73  58
  65  93
  74  73
  73   9
  26  78
  26  82
  21  97
  37  12
  13  94
  53  97
  71  98
  49  33
  11  57
  83  18
   7  13
  17  45
  98  71
  78  40
  58  71
  19  61
  69  89
   6  95
  40  41
  46  27
  53  38
  65  10
  98  34
  23  61
  33  72
  59  13
  73  72
  59  77
  15  28
  43  52
  82  83
  94  83
  44  86
  93  98
  96  36
  88  30
  31   2
  74  80
  80  15
  10   3
  23  90
  39  16
  34  54
  97  25
  25  33
  50  46
  52   4
  64   7
  95  10
  71  49
   2  51
  13  45
  56  14
  52  67
  25  82
  84  32
  17  50
  73  81
  79  96
  80  69
  46  71
  21  96
  74  19
   7  14
  10  36
  95  71
  29  49
  30  44
  15  44
  42  67
  34  99
  35  34
  92 100
  86   1
  66  17
  10  73
   5  61
  85  79
  80   3
  97  66
  94  53
  23  20
  14  51
   3  84
   8  29
  90  40
  70  53
  76  83
  39  66
  70  29
  42   2
  71  49
  38 100
   6  40
  28  89
  84  77
  90  52
  81  52
  51  97
  76  99
  47  24
  78  10
  21  21
   7  97
  58   9
  21  88
  15  54
  41  93
  98  24
  51  86
  40   1
  12   5
  55  34
  66  20
  66  22
  84  42
  21  15
  59   1
   8   6
  76  14
  30  68
   2  29
  94   2
  47  14
  12   8
  90  24
 100  18
  75  32
  91   7
  46  42
  43  51
  17  49
  29  98
  53   5
  78   1
  23  48
  77  53
  51  38
  42  65
 100  38
  20  37
  97  60
  50  81
  55  13
  13  86
  25   3
  97  63
  77  37
  84  14
  20  42
  71  89
  71  37
  38  16
  38   2
  87  56
   1  75
  38  70
  49  65
  96  49
  86  23
  10  60
  75  23
  68  99
  93   4
  76   7
  19  69
  23  11
  65  28
  58  50
  72   1
  54  39
  38  47
  99   4
  58  11
  41  42
  54  20
  20  24
  39  83
  60  22
  45  68
  76  28
  51   4
  67  31
  37  53
  63  22
  97  18
  58  41
  82  28
  74  47
  40  34
  10  38
  68  11
  90  83
  30  97
  73  17
  32  24
  25  38
  16 100
  63  72
  35  24
  56  74
  60  35
  79  43
  95   4
  16  42
  82   2
  30  71
  19  48
  44  80
  64  83
  64  64
  76  51
  85  36
  50  42
  29  79
  30  73
  86  83
  79  67
  90  52
  87  17
  88  45
   6  15
  49  29
  25  71
  91  68
  93  83
  57  94
  79  79
  91  63
  97  81
  15  55
  12  44
  12   7
   8  59
  94  97
  59  50
  66  85
  70   9
  16  97
  80  32
  74  39
  72  79
  30  35
  34  19
  23  66
  97  64
  32  93
  91  97
  38  42
  72  21
  19  98
  63  39
   2  62
  71  80
  69  47
  41  31
  57  24
  95  45
  65  69
  89  31
  73  70
  65  41
  84  80
  96   8
  80  24
  95  66
  58   2
   3  36
  29  51
   5  60
  14  74
  48  88
  76  63
  88  63
  97   1
   7  23
  14   3
  18  59
  40  89
  11  37
  67  28
  76  34
  61  41
  39  73
  22  37
  75  13
  47  67
  57  67
  84   5
  16   4
  63  66
  74  87
  58 100
  76  66
  91  19
   4  56
  70  74
  81  70
  47  76
  82  66
   2  75
  87  68
  27   1
  16  53
  73  38
  83  12
  22  46
  60  95
  67   5
  95  69
  98  28
  30  26
  73  19
  44  44
  21  91
  29  47
  67  98
  79  19
   6  81
  56   8
  49  90
  57  59
  98  89
  26   3
  11  39
  67  50
  39  93
  66  13
  37  95
  74  33
  89  25
 100  28
  63  42
  32  60
 100  62
  30  46
  30  95
  13  17
  75  32
  80  51
  41  58
  55  84
  32  88
  73  43
  37   9
  79  74
  14  75
  31  73
  78  54
  90  49
  54  29
  42  61
  79  32
  29  26
  66  99
  54  23
  18  62
  25  79
  49  73
  32  50
  21  42
   3  38
  92  64
  46  27
  10  18
  40  12
   3  21
  84  67
  68  83
  19  22
  46  41
  31  24
  44  22
  11  44
  24  67
  46  20
  90  45
  97  60
  76   5
  56  48
  73  32
 100  40
  47  72
  68  54
  18  41
  32  41
  83  99
  17   4
   9  54
  53  17
  23  47
   2  55
  47  83
  79  78
  17  66
  58  81
  22  57
  28  88
  83  99
  57  68
  24   1
  55  51
  74   4
  34  65
  37  79
  25  39
   2  45
  39   5
  80  87
   3  59
  91  74
  36  83
  26  40
  17  78
  29  84
   4  64
  95  39
  46  21
  78  45
  59  21
  71  25
  74  46
  15  52
  22  69
  54  38
  94   3
   7  45
  26  28
  96  59
  63  97
  40  95
  78  17
  49  33
  63  49
  15  69
  56  38
  27  59
  11  43
  76  16
  95  95
   7  16
  80  74
  96  25
  52  74
  56  38
  66  65
  57  91
  68  17
  52  68
   3   1
  66  13
  72  98
  69  25
  57  64
  28  42
  26  47
  98  12
  92  39
  22   7
  21  24
  42  74
  61  34
  22  57
  89  35
  80  43
  98  39
  74  69
  45  95
   6   9
  64  79
  44  94
   3   5
  20  22
  31  29
  74  86
  31  65
   3  71
  22  88
  70   1
 100  91
  51  88
  84  29
  11  24
  65  76
  57  65
  24  86
  19  23
  97  29
  19  56
  34  37
  39  72
  64   3
  94  72
  23  11
  98  54
  20  89
  35  47
   1  97
  42  18
  73  69
  50  93
  96  55
  81  42
  69  31
  82  56
  75  92
  61   1
  89  21
  20  29
   9  83
  28  72
  50  45
  72  69
  20  41
  26  85
  97  81
  97  30
  78  13
  86  82
  99   3
  41  42
  31  22
  16  70
  94  87
  96  36
  64  20
  83  68
  14  64
  84  78
  59  84
  55  46
  20   6
  51  92
  36  59
  19   4
  19  89
  41  75
  13  87
  73  99
  22  85
  14  90
   3   3
  72  46
  88  24
   5  37
  60  54
   9  52
  12  87
  44  94
   7  91
  55  56
  81  77
   5  22
  75  12
  31  59
  66  47
  10  34
  84  10
  41   1
  67  94
  78  19
  11   6
  69   5
  91  45
  18 100
  31  36
  34  45
  92   8
  98  92
  99  19
  47  86
  43  53
  69  14
  29  51
  25  50
  69  87
  96  67
  34  34
  74  65
  34  86
  95  11
  15  86
  25  99
  10  72
  66   1
  10  34
  44   6
  87  35
  18  18
  67   4
  24  69
  92  65
  90   2
  84  25
  93  21
   1  31
  42  35
  41   5
  23  75
  81  70
  99   4
 100  75
  34  28
  50   5
  93  43
  62  79
  63  57
  93   9
  72  16
  56  35
  52  49
  40  84
   4  88
  23  81
  52  17
  34  27
  65  98
  97  68
  29  95
  42  24
  47  89
  14  82
  97  38
  48  12
   2  76
  47  17
  45  80
  18  97
  67  24
  14  74
  97  60
  56  42
  10  86
  68  95
   2  33
  90   2
   7  35
  26  23
  42  93
  17  53
  45  90
  57  89
  24   6
  57  75
   2  78
   2  41
  73  97
  85  98
  92  81
  47  10
  84  62
  73  33
  45  66
  39  73
  43  94
  47  87
  84  39
  58   4
  67  45
  95  96
  18  84
  79  36
  52  44
  11  33
  78   2
  72  32
  35  27
  24  91
  13  69
  97   3
  39 100
   7  60
  76  47
  21  46
  52  31
  93  98
  73  55
  72  80
   7  76
  12  26
  53   6
  52   9
  80  96
  99  66
   8  81
  44  51
  62 100
  17  27
  23   9
  56  32
  47  96
  31  59
   2  10
  47  62
  33  57
  86  77
  72  29
  30  25
  70  24
   1  32
  70  38
  32  88
   8  37
  17  92
  75  30
   9   8
  18  61
   8  45
  85  73
  38  64
  58  76
  81  65
  39  10
  56  60
  81  28
  60  11
  49  87
  13  82
  34  76
   3  47
  56  86
  97  92
  91  33
  10   3
  47  82
  82  76
  34  45
   3  88
   2  30
  12  62
  90  15
  18   6
  11  48
  74  65
  59  44
  18  92
  36  28
  72  26
  54  86
  11  92
  55   7
  86  76
  46  67
   6  89
  22  12
  88  43
  96  14
  76  36
  31  18
  76  73
  96  54
 100  83
  65  48
  21  92
  21   5
  68  26
  93  64
  96  18
  69  71
   4  97
   2  49
  38  15
  63  12
  54  39
  61  29
  47  71
  84  82
  63  20
  70  47
  38  33
  38  44
  61  96
  18  42
  22  81
  76   4
  23  54
  27  80
  22  54
  15  54
  56  98
  66  92
  87  21
  95  19
  84  87
  56  65
  17  92
  76  75
  53  46
  32   4
  50  12
  66  79
  12  17
  55  82
   6  72
  41   8
  74  13
  89  56
  28  56
  89  90
  55  52
  38  81
  91  79
  36  61
  34  32
  22  20
  66  25
  67  60
  42  30
  61  70
  21  42
  52   1
  51 100
  19  76
   9  36
  63  38
  19  96
  80  52
  92  69
  44  91
  70  94
   9  31
  58  99
  35  34
   3  14
  58   6
  38  38
  25  82
  88  55
  18  53
  71  58
 100  96
  46  49
  19  69
  60  34
  27  77
  22  24
  67  59
  20  10
  23  85
  33  75
  12  51
  94  34
  99  58
  69  94
 100  91
  26  80
  84  91
  50  92
   6  73
  34  14
  66  86
  34  91
  47  28
  83   2
  74  14
  65  34
  26  15
  33 100
   2  26
  30  78
  53   1
  54  96
  56  40
  72  54
   5   3
  27  13
  43  46
  70  81
  74  70
  42  83
  64  53
  11  96
  20  10
  35  10
  30   9
  63  53
  75  35
   7  96
  23  83
  36  45
  88  44
  51  35
  97  75
  13  31
  54  55
   2  61
  94  17
